#{"t_start": 1718361814.4184265, "env_id": "NewRandomGoalAnt-v2"}
r,l,t
165.06404,1000,6.896486
-35.071844,1000,12.752499
-95.406638,1000,18.600347
54.924683,940,24.148313
-25.738345,714,71.723806
-28.316572,213,72.9839
111.717467,614,76.729898
34.485438,226,78.070921
85.211982,1000,83.958457
-23.900482,1000,89.919673
24.036071,624,135.907822
-2.803493,20,136.116779
12.092648,78,136.90875
-50.413191,234,138.978839
-29.756542,212,140.3729
-50.64665,182,141.44521
-20.333371,171,142.453409
8.020773,61,142.813803
36.603728,325,144.767309
-30.068491,415,147.210056
-3.396141,806,151.977906
-7.595587,42,152.225685
-15.232245,101,152.83285
-136.988949,799,157.613611
-14.325697,61,157.971213
0.901665,57,158.311817
-62.291183,240,159.740296
-11.998781,1000,208.956939
-12.294367,1000,214.833871
-28.640132,35,215.037775
62.857856,527,218.17702
-20.758761,286,219.879303
-16.304275,10,219.937114
-31.03761,579,223.346361
-74.623,260,224.879741
28.004571,1000,273.352141
-17.958459,48,273.795375
147.749332,766,278.86644
-30.259462,375,281.152297
-1.863994,941,286.868736
-65.398941,396,289.244044
41.680051,1000,295.277821
-41.777463,617,341.336015
23.501483,1000,348.105896
36.61187,1000,354.09604
42.808251,632,357.938115
-10.514995,269,359.600602
54.314556,364,361.79922
73.032196,1000,410.907239
49.961004,1000,417.235142
-5.321739,30,417.416797
-46.233643,1000,423.76984
-48.603022,809,428.625571
14.878104,146,429.48738
-109.375612,804,475.907636
-20.613966,325,478.938787
-13.029404,14,479.045943
-12.32268,152,480.190678
81.054818,1000,486.164162
-44.957724,763,490.669256
76.559078,815,495.462264
38.605087,241,496.895753
53.598018,1000,545.396594
-25.724447,574,549.592023
-6.855327,11,549.655491
20.253099,1000,555.598186
-69.244832,489,558.515116
5.552076,210,559.787524
41.278621,217,561.075057
-4.159396,355,563.169824
-21.27667,27,563.335728
2.789261,249,564.845878
-7.521898,115,565.530564
-47.608314,480,609.259996
18.2973,615,615.288643
-36.200772,426,618.075036
-89.06542,1000,624.072606
-1.293582,248,625.581875
47.721822,513,628.71901
63.135391,1000,634.810108
26.381069,643,680.873498
-27.855525,1000,687.907738
48.963539,384,690.18269
-2.491029,11,690.247744
2.255389,44,690.508082
-22.407398,140,691.334172
-57.943128,1000,697.245072
9.279982,1000,742.564028
-0.915867,183,744.64851
97.861121,1000,753.305515
95.596407,1000,759.210739
-75.22002,1000,765.109346
9.254527,112,765.777584
11.366164,232,767.147338
70.03903,613,810.106257
156.180767,1000,828.500881
52.031271,1000,833.724723
-19.368261,389,835.934725
7.053966,418,838.392744
-7.867678,625,842.068203
-1.648308,19,842.179427
-20.728367,250,843.656872
-70.241468,367,883.206921
-19.793718,16,883.396271
-39.212202,296,886.556736
61.918809,1000,896.321518
3.135185,389,899.193077
33.887248,1000,905.085096
19.697566,830,909.919299
-48.950523,1000,954.885881
205.317973,1000,964.508003
13.639642,552,968.110538
-0.608997,1000,974.021329
-37.737196,200,975.201043
82.907859,787,979.836591
15.266113,493,1020.997889
43.35258,783,1028.712341
-5.52891,9,1028.804965
1.801918,430,1032.867323
-30.489816,1000,1038.94209
-11.118044,134,1039.744054
-31.253002,433,1042.302389
-30.070141,795,1046.970063
30.319279,153,1083.492605
-2.631039,248,1086.333503
111.034076,1000,1096.614824
-19.252725,506,1101.289768
28.935129,678,1105.411397
-2.640368,11,1105.476407
53.650065,1000,1111.356477
-1.817001,548,1114.571097
156.458664,1000,1160.514618
-19.266618,65,1161.151853
-10.073121,1000,1170.034967
-87.451088,1000,1175.977849
-21.034844,101,1176.566583
-27.240595,777,1181.137913
-2.851167,916,1224.856341
-22.398113,1000,1234.659788
19.082297,1000,1241.256514
25.034821,1000,1247.157036
-23.777321,1000,1290.523594
124.530244,1000,1300.450883
-27.483151,358,1303.715694
-175.964897,1000,1309.798067
57.528639,906,1315.162271
8.286803,172,1316.177619
-34.288674,680,1356.646638
112.565604,1000,1366.500949
43.245973,1000,1374.280786
-28.898055,55,1374.608399
-44.464676,395,1376.91983
-40.171223,705,1381.057082
63.944278,1000,1423.184716
-44.981138,388,1427.098599
15.888927,1000,1436.859858
-10.746245,15,1437.006067
-55.241529,974,1443.708203
13.466742,1000,1449.585762
-46.981022,1000,1492.196223
56.288659,1000,1501.918535
-86.547219,440,1506.186002
-41.800742,296,1508.315086
-5.095742,181,1509.444325
58.205171,1000,1515.292975
-9.0969,129,1516.042847
75.941392,1000,1557.486326
39.521692,1000,1567.514353
-5.049319,313,1570.627261
35.360382,1000,1578.338873
-7.072187,14,1578.422224
18.487946,1000,1613.778605
-77.870148,1000,1625.034941
40.524069,1000,1644.558727
-142.302431,1000,1650.37334
-0.417971,1000,1680.394562
-14.419413,15,1680.526025
22.324413,892,1689.938369
-88.698161,662,1697.468631
33.464759,243,1700.054586
-9.125405,901,1709.144839
103.797369,1000,1718.816552
55.307803,636,1749.307143
18.338536,674,1756.741772
2.256659,24,1757.013789
-11.304875,436,1761.994083
-26.740185,361,1765.999352
5.201169,1000,1776.009324
-103.375209,1000,1785.778615
39.229066,269,1787.698231
-69.033458,795,1819.892576
-58.695591,1000,1831.340965
101.934033,1000,1841.610052
-78.45255,986,1851.321804
-113.54516,625,1882.092946
24.350909,175,1883.632646
48.682051,1000,1894.652942
-16.38361,694,1902.13716
5.889328,148,1903.652493
-58.129791,1000,1913.618267
-104.333793,1000,1949.073393
-43.000889,1000,1958.915153
-14.081151,431,1963.921355
48.083899,177,1965.840907
-30.662652,172,1967.58443
12.677132,173,1969.344115
162.532576,1000,1979.202873
-19.102536,1000,2015.169691
79.423248,344,2018.013556
-5.468669,11,2018.109727
93.237374,1000,2028.238944
-50.977264,274,2031.367658
-102.939832,1000,2041.395377
-7.454813,52,2041.912627
113.414338,897,2050.666252
86.526687,474,2081.781837
-2.136295,115,2082.704749
46.864664,1000,2091.243836
21.033504,260,2094.135098
88.769319,1000,2104.64247
-84.661593,1000,2114.366621
59.552554,1000,2150.401031
45.143688,1000,2159.107496
-15.613608,467,2164.353403
22.692262,69,2165.062824
-8.496124,269,2167.829099
24.555938,1000,2177.731637
54.374763,411,2181.764324
2.632348,19,2181.95498
-9.671896,14,2182.099591
75.882479,1000,2218.835173
-67.859765,1000,2227.811078
131.938965,1000,2238.388611
70.968401,517,2243.590745
-36.859449,1000,2253.510811
3.092419,1000,2289.590255
-8.209027,823,2297.563125
-36.853391,884,2306.464386
214.900187,1000,2316.362816
33.804427,891,2352.734292
-19.010533,795,2359.197382
126.743794,1000,2368.842568
-86.170717,1000,2378.789329
68.781514,1000,2417.48899
-49.901763,335,2420.0981
-55.031541,1000,2428.287212
6.335575,1000,2437.78632
-10.950231,12,2437.906211
-19.080675,1000,2457.595924
14.89104,1000,2492.009255
129.011242,1000,2499.702608
116.06659,1000,2508.0321
-23.509893,119,2509.199525
85.031306,1000,2519.190608
-18.864564,126,2520.409016
66.571257,444,2524.921663
-8.643095,626,2560.327986
2.039079,56,2560.772793
-11.157167,467,2564.51046
-18.383515,1000,2572.650264
162.342426,1000,2582.177429
-13.064217,1000,2591.945256
74.096114,464,2626.86208
59.469012,1000,2635.081919
18.512971,1000,2642.736577
228.110884,1000,2652.57019
120.824042,1000,2693.604959
51.149042,1000,2701.709101
-1.3136,142,2702.818432
89.860263,1000,2709.825701
97.542275,1000,2719.692586
61.684445,762,2759.665611
-51.265927,1000,2767.62181
28.263008,445,2770.80094
-34.387735,353,2773.194647
237.477742,1000,2781.443618
13.011223,617,2787.626359
3.982582,1000,2830.059124
-51.188308,244,2832.02803
98.850449,703,2837.392566
108.18355,1000,2843.914642
-3.139209,533,2848.692201
-81.2192,328,2852.040542
95.842887,341,2855.507001
13.06889,147,2857.017488
117.238069,507,2895.361518
25.97553,602,2900.261496
33.363909,1000,2907.126635
-2.225544,1000,2915.351977
104.209309,1000,2925.379699
107.000265,416,2963.29997
45.729627,1000,2971.181188
4.055055,1000,2977.342706
115.970854,1000,2985.968573
81.475029,473,2990.759638
-85.028376,1000,3034.121077
75.33294,365,3037.04669
-71.936003,605,3040.752478
-22.688451,46,3041.021806
129.315763,468,3043.812761
-4.064556,12,3043.892216
14.446256,305,3045.911245
200.707102,1000,3054.943745
-19.978338,214,3057.093931
86.17463,1000,3100.85136
219.071927,1000,3107.702863
-12.658545,1000,3113.933742
-41.234389,793,3121.098222
9.42658,1000,3166.126642
57.701519,1000,3173.634477
57.770922,1000,3179.696163
162.186364,1000,3188.026518
72.781155,1000,3233.549001
25.504966,196,3235.154682
97.954904,1000,3242.078822
47.212463,282,3243.73673
35.060731,280,3245.378778
14.017781,1000,3252.505189
201.216227,1000,3272.61181
-6.645769,13,3272.744304
20.831254,900,3311.096376
24.696098,476,3314.566694
-103.379134,1000,3320.711603
148.6873,1000,3326.909394
58.23024,289,3329.293054
-29.391541,841,3376.042793
-22.475267,1000,3382.509166
68.432355,625,3386.240181
43.954273,1000,3392.353375
100.24309,398,3395.058509
14.996681,1000,3443.008694
8.361762,42,3443.331215
84.148774,248,3445.030111
238.998322,1000,3451.321561
3.263319,88,3451.840674
-2.01202,954,3457.490459
-92.56508,1000,3464.728308
1.682618,301,3467.745823
45.127102,1000,3514.61675
78.233903,1000,3520.654102
-4.022165,18,3520.761996
15.657124,178,3521.816199
87.744454,1000,3527.889515
-90.519582,842,3535.020828
6.767162,615,3579.173012
31.552597,441,3582.133684
132.131568,1000,3588.201071
15.484933,1000,3594.100342
-8.659386,103,3594.760513
80.969413,1000,3603.059598
-49.577921,1000,3649.859918
-74.009377,1000,3655.980433
53.254312,363,3658.134837
228.793228,1000,3664.397529
183.12453,1000,3673.28677
155.699964,1000,3719.249083
99.80991,1000,3725.154036
59.432048,1000,3731.187195
-25.986768,1000,3739.991215
59.101731,1000,3786.214715
-11.229536,10,3786.280923
-59.242461,652,3790.256721
-7.49097,178,3791.308914
75.453951,1000,3797.194139
252.599653,1000,3804.836096
198.963601,1000,3852.108793
-208.392431,1000,3858.377943
-0.172637,1000,3864.319494
258.09808,876,3870.803594
26.967034,1000,3918.305279
2.929111,74,3918.802486
-11.856372,760,3923.856122
-7.82338,140,3924.67855
23.114609,91,3925.218927
8.750224,262,3926.766443
111.724203,387,3929.056052
-9.125219,81,3929.529246
-5.495601,486,3932.408461
89.36092,726,3937.715763
32.907441,1000,3985.310318
144.923506,688,3989.924797
-6.391618,1000,3996.086153
-22.01191,215,3997.364872
50.096047,472,4000.15785
47.67218,1000,4008.207198
-47.09177,621,4052.46365
201.704838,737,4057.404543
238.626233,1000,4063.563952
274.818831,1000,4069.663726
-46.674004,1000,4078.508668
-28.467554,747,4132.196421
-25.273866,346,4134.209259
-71.938558,1000,4141.35087
169.878879,1000,4150.872636
85.2993,1000,4160.645202
39.890666,168,4162.32404
3.299667,46,4162.794492
38.723935,442,4197.620409
-15.573033,909,4203.525157
229.03212,1000,4209.670033
122.493759,1000,4218.853889
292.022715,1000,4263.862476
170.582133,731,4268.783362
-1.282973,635,4272.699829
19.152422,408,4275.098145
128.951557,748,4280.782941
44.729449,176,4282.48167
120.902181,400,4286.209797
1.116582,108,4287.252519
65.149602,291,4290.051034
222.013689,1000,4334.073395
217.652471,1000,4340.403773
89.38812,1000,4347.288013
120.10967,587,4352.748139
111.18166,1000,4398.439665
1.693944,114,4399.192114
197.424174,847,4404.874591
79.391072,240,4406.409487
94.702282,1000,4412.865161
192.206289,725,4419.246313
-11.563357,26,4419.498293
180.186425,1000,4429.263768
104.268934,1000,4471.942638
325.044402,1000,4478.121821
-35.047714,42,4478.464759
190.406306,1000,4487.017775
111.387288,1000,4496.612509
30.256282,523,4536.105122
244.932326,1000,4542.697217
-0.321874,138,4543.511292
254.117883,637,4548.014497
146.915182,326,4550.68361
215.81144,811,4558.134847
-42.546936,1000,4602.623041
21.479654,1000,4609.298558
5.943261,156,4610.250306
55.130438,300,4612.028554
169.218587,816,4618.59398
47.992755,1000,4627.774429
54.540451,488,4632.556627
207.908794,1000,4674.801356
104.191636,1000,4681.648683
76.645262,1000,4689.978008
-2.26886,329,4693.097788
106.660123,244,4695.431938
60.515964,189,4697.24682
148.458323,843,4739.194457
78.951687,1000,4745.84985
96.927459,400,4748.867733
21.580329,644,4754.11157
223.240299,1000,4763.125245
149.011878,1000,4806.380711
106.65017,1000,4813.217512
130.531346,1000,4821.279559
20.324294,405,4824.843401
132.477801,350,4827.939294
107.568218,1000,4837.677667
95.999902,1000,4878.583547
32.441933,1000,4886.388567
198.097317,683,4892.266263
-2.138913,47,4892.677722
156.331523,1000,4901.98071
29.406206,93,4902.92651
18.934745,95,4903.902735
250.545887,1000,4945.177684
144.877276,1000,4963.108874
459.574466,1000,4972.394098
20.265258,136,4973.721276
93.247976,673,4980.252276
8.891421,30,4980.542258
-10.985549,1000,5017.437954
162.107815,376,5020.529595
2.705416,163,5021.857909
261.414785,1000,5030.510608
37.88913,585,5035.54022
190.170375,1000,5045.071673
191.657533,1000,5085.580722
43.868926,682,5091.242407
82.931517,333,5094.057784
39.475699,1000,5102.862787
116.591104,357,5106.09995
49.519613,1000,5116.212294
135.28065,1000,5155.522457
64.274377,1000,5164.189317
-7.330269,64,5164.710175
99.35432,397,5168.105087
-8.403157,7,5168.164751
199.405526,563,5173.074789
120.902931,321,5176.218104
180.179067,1000,5217.143321
64.403258,1000,5225.50751
-34.543337,261,5227.64738
203.65036,424,5231.357481
51.653281,342,5234.340197
244.40168,1000,5243.286177
69.188055,234,5245.544029
237.059597,1000,5286.143035
162.588272,553,5290.729433
107.654364,312,5293.470678
112.671421,633,5298.973308
48.237697,298,5301.594236
144.295614,948,5309.952244
-15.617743,101,5310.898781
33.679683,1000,5351.583454
222.619258,1000,5360.02943
32.474712,576,5365.02955
278.853656,1000,5373.93357
55.403941,162,5375.367816
-33.311242,1000,5384.760999
187.731011,1000,5424.830351
16.715659,1000,5433.440883
320.212302,1000,5442.206784
19.149784,26,5442.436822
128.413385,1000,5451.664583
109.792673,704,5489.455948
99.696329,1000,5497.987529
309.290399,996,5506.654235
121.365581,1000,5515.377187
-9.639121,67,5516.023103
69.318225,132,5517.294663
319.679048,787,5555.980894
27.658366,116,5556.929356
23.27352,115,5557.879995
112.330677,314,5560.640364
20.971148,164,5562.066091
133.20506,855,5569.475155
228.976607,1000,5578.071463
49.531099,1000,5587.26725
132.892389,1000,5627.758918
62.698026,123,5628.833935
56.28443,1000,5637.363338
66.138433,1000,5645.884694
326.269734,1000,5655.219343
435.161596,1000,5695.623523
260.809996,1000,5704.144785
240.234941,480,5708.372492
193.081309,602,5713.318669
-1.993852,9,5713.387497
24.500926,47,5713.757721
115.823991,251,5716.008839
67.672902,176,5717.638445
-22.938407,282,5720.283633
376.023218,1000,5760.7598
135.947781,1000,5769.41412
347.169398,1000,5788.14664
14.232274,387,5791.541627
208.969161,546,5796.602536
359.174566,1000,5834.826612
237.247074,439,5838.71284
177.614465,317,5841.271825
43.460493,638,5846.51929
16.443704,285,5848.909664
114.448498,1000,5857.98649
203.094738,568,5863.041056
149.454837,1000,5903.078046
82.688068,156,5904.448877
113.529798,559,5909.296883
16.550624,285,5911.707899
23.531471,975,5920.139463
46.720518,218,5922.155736
87.926007,1000,5930.759037
27.888888,61,5931.327929
366.404632,701,5969.205477
146.285881,1000,5977.540276
8.798372,118,5978.539345
118.068694,1000,5987.115846
14.149257,141,5988.452832
-5.878327,13,5988.567984
172.356426,330,5991.499458
512.954929,905,5999.45839
71.019208,737,6038.092003
7.588059,713,6044.233385
467.317559,1000,6052.689468
89.84809,426,6056.588325
402.385297,785,6063.420604
9.306894,114,6064.416259
147.49028,1000,6105.374105
366.588544,684,6111.25196
106.667218,486,6115.451261
234.290263,1000,6123.796848
67.324091,157,6125.181988
115.663539,1000,6133.916947
194.307527,1000,6175.179087
64.326663,105,6176.102005
233.641968,497,6180.386747
17.950704,38,6180.720033
105.584651,653,6186.161475
25.448293,68,6186.709193
149.823203,1000,6195.440588
62.097526,1000,6204.314133
307.183942,600,6241.722936
119.343591,365,6244.921229
11.18216,80,6245.600986
153.23848,377,6248.88964
141.713272,416,6252.379039
150.248005,270,6254.561011
87.177486,1000,6263.250886
133.579655,336,6266.185568
84.080114,139,6267.389667
7.386846,202,6269.148023
41.05725,338,6272.308615
100.118943,1000,6312.891528
425.220679,774,6319.246269
322.056317,632,6324.6097
599.458466,1000,6333.380546
158.379918,1000,6373.947195
390.969611,850,6381.485638
42.157589,138,6382.695699
5.010467,44,6383.07794
429.680438,1000,6391.638806
160.306469,1000,6400.379903
112.35442,1000,6440.677928
16.049267,206,6442.488262
483.63359,1000,6451.32131
135.679068,1000,6459.943414
3.068455,58,6460.45064
311.075986,709,6466.678769
313.249788,1000,6507.088144
-1.913762,47,6507.503572
114.58388,591,6512.7472
18.761095,124,6513.92366
50.013103,1000,6522.727906
35.701969,76,6523.40273
254.875047,1000,6532.255872
128.035932,1000,6541.012087
65.605025,214,6542.891292
1.16411,80,6574.666037
-6.394358,10,6574.754083
471.551365,1000,6583.719859
115.143214,261,6586.012971
-2.941225,10,6586.100117
172.926131,1000,6594.622741
-5.24352,10,6594.705582
80.79868,202,6596.426126
210.374519,797,6613.643538
68.196942,575,6618.341139
115.267385,1000,6656.194765
444.949896,931,6664.816704
46.563242,150,6666.169255
186.236783,1000,6674.805323
25.709534,131,6675.94941
78.21801,350,6678.984752
166.53457,1000,6718.685353
335.771284,1000,6728.383772
45.484271,255,6730.782972
311.058303,1000,6740.074338
269.110447,507,6744.514401
613.484089,974,6752.65774
198.708066,517,6787.787103
212.505714,631,6794.004627
92.346719,772,6801.337091
367.757271,1000,6810.415649
242.42629,1000,6818.888242
580.715846,1000,6857.947938
204.895505,699,6864.854744
88.236772,378,6868.487598
337.123947,1000,6877.561423
271.247934,1000,6886.07595
184.992594,1000,6924.914697
514.306101,1000,6934.720664
150.491732,290,6937.510767
295.950928,545,6942.522817
76.051625,204,6944.318432
71.895541,302,6946.976188
62.780395,164,6948.417813
75.728626,413,6951.929082
6.200789,114,6952.82259
284.741443,401,6985.655842
143.930638,229,6987.794359
220.874752,1000,6997.808163
186.489767,1000,7007.489755
343.00334,1000,7016.219336
276.308894,1000,7053.816501
123.616632,822,7061.86131
348.846673,1000,7071.623035
313.798573,468,7076.072115
478.041242,1000,7084.886367
221.887416,514,7088.730633
744.614316,1000,7128.429147
181.39844,311,7131.631397
460.76787,573,7137.315629
189.880664,1000,7146.723888
70.657403,210,7148.501944
594.140251,1000,7156.338183
39.065932,71,7156.789124
138.391948,206,7188.020877
111.433079,465,7192.611521
293.037135,776,7200.477373
93.360195,323,7203.734107
14.954588,24,7203.972878
174.613579,371,7207.614674
136.929511,244,7209.966028
5.318787,65,7210.592549
-11.36312,150,7212.03946
82.552982,1000,7220.656733
382.094001,417,7223.644328
58.993824,138,7253.559138
187.396783,1000,7263.270231
70.106673,262,7265.973454
454.72843,691,7272.948566
172.010939,746,7280.07263
16.523699,57,7280.611716
236.028057,625,7286.142179
248.806947,1000,7322.749731
85.981401,130,7323.947213
135.696506,511,7328.96118
292.017327,1000,7339.101411
119.18608,472,7343.687939
66.03718,501,7348.46878
170.634478,413,7352.13441
245.473949,301,7354.670605
186.915472,305,7357.132543
187.330066,508,7389.659787
49.086863,68,7390.307936
568.532765,865,7398.835053
182.93666,334,7402.254886
426.920139,527,7407.552178
159.843701,326,7410.773648
293.226382,569,7416.235909
207.757875,268,7418.646708
32.485836,138,7419.848453
45.68322,103,7430.552824
24.53812,206,7431.928903
52.75639,89,7432.519109
370.627659,608,7466.645074
-5.796396,11,7466.753275
271.357376,625,7473.211986
89.671742,131,7474.576746
64.821851,395,7478.577454
166.319133,396,7482.490862
346.739367,489,7487.357669
45.581082,187,7489.135153
123.565647,291,7491.658088
90.760995,123,7492.689748
104.066307,236,7494.296827
105.582578,393,7496.61531
620.547545,1000,7533.978062
1.735279,20,7534.18761
211.548255,1000,7544.466686
36.608484,435,7548.89899
89.89691,518,7554.126514
120.53942,152,7555.655514
128.034541,520,7560.377931
174.848951,222,7561.936841
-0.429481,12,7562.018417
92.865041,226,7563.396854
326.193504,761,7597.40811
-3.59024,20,7597.624043
37.287036,174,7599.481354
7.586118,18,7599.671723
9.657223,45,7600.153045
69.656144,314,7603.519191
9.996123,36,7603.9041
62.600475,123,7605.235614
-6.561237,9,7605.337218
8.038096,19,7605.530808
57.280958,474,7610.493546
296.278163,638,7616.952117
268.06698,835,7625.110523
450.897169,606,7630.010514
602.481724,1000,7665.718024
247.433505,431,7670.223088
7.767147,31,7670.554383
84.043496,180,7672.445889
-10.577785,39,7672.859015
56.017408,201,7674.952639
459.601781,1000,7685.036002
40.423676,80,7685.86957
101.450923,126,7687.150403
50.195776,100,7688.155732
-5.313439,40,7688.560299
528.130449,842,7696.484395
56.769385,236,7697.983336
149.87257,217,7699.288915
15.074184,47,7726.86599
24.161938,73,7727.48353
284.961329,767,7734.984587
279.792691,426,7739.521299
266.660487,1000,7749.532694
637.854172,1000,7759.627463
107.904696,183,7761.381855
377.742299,1000,7796.693809
72.651768,329,7799.732345
24.563803,77,7800.513928
238.610323,352,7804.140589
95.824213,498,7809.405116
228.210015,1000,7819.270697
-1.15509,31,7819.588994
111.498114,203,7821.524495
11.856767,48,7821.991267
88.027941,416,7826.152468
63.661834,132,7827.490859
342.002486,833,7861.931702
147.954822,224,7863.689072
111.271305,403,7867.230483
39.628285,169,7868.963327
201.848333,594,7875.054026
55.276116,118,7876.175443
-9.412593,7,7876.241206
153.00131,622,7882.131692
212.706272,274,7884.720985
73.133164,182,7886.42948
312.672985,1000,7896.324177
272.686108,340,7927.270993
107.344394,915,7934.155935
142.652989,174,7935.6912
205.38087,266,7938.27983
29.522671,87,7939.140364
120.870353,388,7942.893944
711.45348,856,7951.256973
131.521748,136,7952.562481
251.645244,398,7956.324112
354.131752,1000,7994.40515
60.750691,488,7997.665124
40.668057,41,7997.939212
348.309625,822,8004.469931
155.770819,315,8007.60195
7.89564,21,8007.811301
1.922981,65,8008.442176
139.589946,1000,8018.247188
102.281709,262,8020.820713
16.844512,197,8022.732767
183.964682,346,8026.070718
-17.656265,89,8026.937419
83.304973,166,8028.524808
126.229594,304,8060.664674
86.976877,107,8061.37999
45.904901,194,8062.680197
3.322844,48,8062.999478
260.452619,646,8067.553072
37.438877,94,8068.282475
193.803768,281,8070.560001
20.052024,94,8071.376663
147.644339,933,8080.491893
123.314339,143,8081.861139
729.318685,1000,8091.249562
98.46722,412,8126.205171
256.70336,672,8130.671689
246.697482,322,8132.797765
277.244774,428,8136.09504
192.887557,475,8140.03551
41.968022,88,8140.832179
107.67273,138,8142.127732
79.906081,236,8144.420367
100.464239,168,8146.07245
68.41444,228,8148.247962
525.199205,761,8155.637347
162.909035,175,8157.35312
182.030538,297,8160.230812
220.456942,620,8196.509397
101.008706,403,8199.184948
31.894635,279,8201.100222
171.859763,578,8205.789906
175.096074,869,8213.59706
47.737293,281,8216.307869
16.632044,1000,8225.92568
123.891491,172,8260.034931
22.366306,60,8260.481168
267.218852,361,8272.560946
111.875046,149,8273.665166
23.273194,41,8273.942814
288.835002,323,8276.33444
1.298597,42,8276.696961
6.28097,49,8277.145297
185.384631,379,8280.56716
520.424035,667,8287.181335
85.53715,1000,8297.362235
289.259774,1000,8335.287004
349.203765,670,8340.249612
75.894864,131,8341.27803
21.647148,47,8341.66083
246.188057,582,8345.841608
63.023919,169,8347.290851
107.951343,362,8350.502502
175.826869,255,8352.864106
89.526712,153,8354.394416
12.248407,35,8354.74697
365.793089,1000,8364.552629
19.105831,80,8365.332255
124.352135,460,8369.662003
0.197611,60,8370.226682
-2.076447,12,8370.334131
64.588663,85,8401.955421
641.049499,731,8407.806255
131.471244,303,8409.983883
115.980224,125,8410.851284
127.3871,289,8412.992664
17.339518,99,8413.800063
256.665781,360,8416.932548
248.511679,481,8421.352049
400.181663,1000,8431.100274
62.499308,93,8431.976009
100.969172,212,8433.907831
67.96512,105,8434.865084
239.93763,476,8470.609545
290.788106,1000,8478.12176
83.241197,198,8479.463739
572.830146,1000,8488.120805
352.952913,642,8494.446961
575.657736,818,8502.478506
131.579384,320,8537.16748
272.75168,379,8540.203261
22.917254,66,8540.736041
45.687115,110,8541.601374
358.908132,504,8544.980698
296.53956,332,8547.385661
151.587947,275,8549.66344
106.106374,408,8553.232577
3.050892,24,8553.432816
32.213299,108,8554.366025
44.317172,76,8555.045836
87.506605,195,8556.810759
12.959056,53,8557.341161
196.104806,282,8560.198925
396.4463,1000,8570.029504
201.9738,503,8606.253833
5.937429,34,8606.524442
274.80858,757,8611.704762
443.904622,987,8619.592694
107.400025,343,8622.686612
128.104068,169,8624.314775
5.62068,22,8624.542567
189.378435,459,8629.04505
172.250744,263,8631.712766
-17.035195,41,8632.107454
63.575757,249,8634.51227
45.36576,203,8636.465497
15.237438,24,8636.696037
18.890446,34,8637.022345
461.001499,1000,8676.966482
346.7937,1000,8684.417238
61.191741,87,8685.188227
59.351241,204,8686.981415
-1.715075,44,8687.367353
46.295074,81,8688.079512
145.462415,227,8690.142578
177.64788,303,8693.072624
67.759191,101,8694.087718
38.517724,320,8697.337144
73.815377,159,8698.920094
89.738974,1000,8740.342382
93.090314,414,8743.306013
247.098052,809,8748.963843
86.40501,82,8749.622029
-7.182332,22,8749.803037
511.56016,655,8755.430297
45.54719,62,8755.973737
171.571329,205,8757.766903
147.664141,333,8760.943907
373.357845,858,8769.286844
34.020072,98,8770.201513
556.892561,837,8809.920414
247.189438,243,8811.528043
373.933573,829,8817.570195
28.482266,71,8818.150336
719.686159,1000,8826.866134
105.367876,137,8828.16277
115.971016,133,8829.517088
100.673223,85,8830.381317
34.697904,143,8831.835659
188.739929,264,8834.377418
57.706533,349,8837.713827
304.951641,951,8878.426682
47.806492,95,8879.060087
72.908672,222,8880.527697
85.861343,92,8881.136116
86.940737,103,8881.874864
4.28644,94,8882.644385
12.793799,36,8882.939316
633.40807,1000,8891.470769
153.387946,234,8893.508944
224.781719,339,8896.724021
145.267901,322,8899.796549
133.280013,241,8902.074404
652.409473,842,8942.593186
130.902939,125,8943.511148
147.277301,197,8944.833939
48.347928,83,8945.381102
153.348395,249,8947.009846
310.21,403,8949.914354
168.471586,409,8953.145125
67.590466,203,8954.822942
69.327284,102,8955.657446
106.240403,225,8957.619154
256.726592,637,8963.372925
458.161476,972,8972.702533
25.426689,138,8974.026548
297.215493,290,9009.562231
3.521217,27,9009.779729
21.839852,62,9010.236674
941.795016,1000,9017.251127
179.705696,230,9019.119345
93.853224,220,9020.965291
110.70722,123,9022.04021
412.616051,1000,9030.996652
125.337627,236,9033.258412
71.795676,202,9035.160923
58.916615,100,9036.091462
175.954553,564,9041.429312
138.925949,241,9043.730936
26.443669,39,9076.638412
829.182135,1000,9084.082782
41.69014,107,9084.953278
210.534931,231,9094.528577
54.077438,156,9095.898946
259.712673,571,9101.243382
231.168278,376,9104.776178
136.584013,180,9106.449649
249.895606,748,9113.228588
50.014883,60,9113.84487
7.744225,58,9114.405141
370.242561,1000,9153.10887
39.435147,89,9153.76147
65.119007,201,9155.311545
213.394459,476,9159.060103
161.866013,285,9161.438448
-6.623542,10,9161.527013
83.021924,166,9163.035854
480.10213,1000,9171.911432
248.943196,611,9177.647858
223.82826,236,9179.961869
494.256388,513,9184.9836
938.295107,1000,9224.018789
523.557091,573,9229.014463
40.294991,201,9230.844164
100.894513,138,9232.080055
400.385494,1000,9240.888514
335.805151,1000,9250.495045
249.387386,398,9285.382768
150.518106,164,9286.572491
404.252743,515,9290.272222
7.681647,58,9290.746424
401.830786,472,9294.888111
393.348057,446,9298.891061
99.882933,360,9302.034632
285.785675,724,9308.292475
115.383988,117,9309.407588
43.285057,90,9310.233063
118.114307,140,9311.567418
56.282684,176,9313.246764
309.704247,587,9318.962343
785.136692,962,9357.608733
731.884343,1000,9366.369406
124.706549,168,9367.847446
291.679649,466,9371.933907
326.625589,733,9378.417061
812.061023,1000,9419.338352
38.611635,127,9420.383466
18.754371,40,9420.702297
29.613459,94,9421.365954
299.840198,462,9424.654472
253.939718,424,9428.343166
28.219857,56,9428.836391
48.738619,90,9429.625795
74.417708,88,9430.398545
140.686329,331,9433.312101
549.841587,1000,9442.101573
243.766255,475,9446.584701
449.163413,1000,9487.246488
126.170012,152,9488.447328
-14.124507,18,9488.56741
23.992842,77,9489.077847
282.623784,443,9492.691106
80.078235,79,9493.384023
181.213984,202,9495.139902
27.977866,108,9496.032217
753.169545,1000,9504.725439
127.145342,110,9505.686061
-11.185164,35,9505.992751
88.16771,157,9507.375389
42.324904,46,9507.780684
22.325077,34,9508.080352
16.824672,58,9508.595944
58.331813,144,9509.852794
142.190768,298,9512.685745
-3.820301,22,9512.889114
44.915566,46,9513.312833
-5.1028,23,9513.524482
24.704949,101,9514.456328
378.504305,1000,9555.098216
54.861575,76,9555.694317
73.182673,235,9557.420477
457.342626,682,9563.362827
269.444361,269,9565.624785
360.057568,510,9569.988276
106.00651,238,9572.066678
15.239274,122,9573.133542
157.291866,173,9574.621835
83.279823,95,9575.453686
178.065532,347,9578.560019
502.152826,699,9585.283777
896.273904,1000,9625.41036
112.554065,153,9626.708549
60.613932,191,9628.346125
15.717416,34,9628.645129
319.142618,1000,9637.175222
558.456284,672,9643.046918
65.274364,185,9644.673383
54.739855,81,9645.386208
571.133216,943,9654.267666
78.516147,260,9687.832095
289.568749,330,9690.521426
15.094526,29,9690.758303
33.481354,52,9691.183432
241.60741,285,9693.627651
113.525813,227,9695.582189
37.283749,45,9695.973591
90.487725,159,9697.355626
138.197459,155,9698.70715
26.500025,47,9699.106887
122.493715,242,9701.121174
43.928844,165,9702.563879
781.589094,1000,9711.319039
530.538652,781,9718.595745
154.492625,186,9720.340692
61.884147,83,9721.067746
-3.353164,8,9721.137878
57.365263,183,9722.740971
63.35751,84,9723.477768
425.035848,585,9759.754924
342.690656,381,9762.994943
380.061514,395,9766.258629
368.909514,630,9771.736287
255.050007,438,9775.56527
950.940068,1000,9784.625297
257.294693,681,9822.137625
225.750704,384,9825.435585
261.593863,451,9829.394211
73.250383,80,9830.079632
331.671343,361,9833.137921
92.768639,166,9834.594973
179.098332,208,9836.429216
16.896348,29,9836.684511
-9.080593,38,9837.018465
262.989495,346,9840.060295
64.135904,147,9841.353128
360.828404,454,9845.331465
142.099785,169,9846.816085
451.818992,1000,9855.907304
30.291104,137,9857.111856
336.312329,543,9892.892172
31.292466,99,9893.731802
44.558052,45,9894.124664
34.624745,77,9894.797898
304.410203,599,9900.052238
310.902719,291,9902.630795
35.91835,42,9903.027238
44.485911,97,9903.899532
498.645399,629,9909.893782
253.112174,382,9913.164478
81.795195,77,9913.840561
30.850289,52,9914.295526
477.23417,694,9920.722586
45.739879,115,9921.632369
266.039203,307,9923.986063
187.276728,323,9957.26542
231.764364,508,9961.651802
707.950645,735,9967.800767
-9.790508,10,9967.887106
55.343087,137,9969.081977
494.828329,1000,9977.923809
89.470955,237,9979.989579
865.013015,1000,9989.041592
143.002109,199,9990.783196
2.459294,22,9990.974861
53.132932,81,9991.678222
58.566748,85,10023.814312
323.755495,420,10027.623841
261.774411,256,10029.642833
16.716159,106,10030.482855
53.468549,74,10031.076692
12.346171,36,10031.388226
110.550805,424,10035.066893
285.848896,476,10039.347793
13.040642,19,10039.530374
175.834153,409,10043.153036
366.418827,594,10048.341461
985.693402,1000,10057.354789
403.985811,455,10092.367745
66.904423,128,10093.551799
189.660675,268,10095.731978
72.390856,107,10096.519814
6.390664,26,10096.731212
749.138127,1000,10105.475355
261.197503,589,10110.748644
217.299879,215,10112.626548
260.881942,449,10116.655312
524.809169,1000,10125.684488
264.774556,283,10159.141613
80.964486,188,10160.933331
335.866508,351,10163.857066
291.449345,394,10167.296921
112.668723,81,10168.032009
671.094087,902,10176.076838
128.605188,170,10177.559919
983.952455,1000,10186.611303
118.229287,201,10188.400951
35.870195,120,10189.437817
109.26091,169,10190.905868
364.013745,1000,10230.715192
-6.179775,9,10230.79445
96.007505,93,10231.605313
349.38135,504,10235.983813
-2.496913,24,10236.193742
-6.246913,25,10236.411627
73.685413,119,10237.449771
592.2877,624,10243.203491
367.660552,507,10247.632772
127.187837,154,10248.977666
0.973068,22,10249.16923
56.246777,102,10250.069706
34.880181,44,10250.491792
80.01517,80,10251.232655
80.155014,145,10252.592824
317.389756,523,10257.210672
188.893225,298,10259.716605
390.004322,630,10296.39617
144.76978,186,10297.995432
111.63774,150,10299.223268
522.645374,609,10304.573398
62.295271,76,10305.262111
2.467691,22,10305.465315
490.306246,455,10309.531003
17.523929,31,10309.795266
353.270951,322,10312.561327
162.153585,154,10313.925022
99.711262,157,10315.305815
13.39709,59,10315.808375
728.549772,1000,10324.683682
67.186003,125,10325.749685
250.791237,277,10358.706647
438.226403,1000,10367.766299
86.386429,178,10369.320248
101.773196,211,10371.163657
52.497931,227,10373.306564
55.812699,56,10373.828634
88.112493,158,10375.328991
579.183621,936,10383.546097
41.239539,78,10384.227148
49.239886,58,10384.746752
239.865655,381,10388.2522
273.867233,311,10390.964951
532.525887,783,10428.307617
113.434466,118,10429.436423
64.947203,235,10431.589203
16.151724,38,10431.923085
18.00211,53,10432.38862
36.903211,74,10433.039827
82.986066,113,10434.033098
-10.536377,23,10434.236165
53.862016,327,10437.111557
718.129393,566,10442.353996
300.050362,338,10445.157487
168.559844,143,10446.309958
107.891877,338,10449.074724
109.806495,158,10450.367641
311.174473,305,10453.037939
56.660923,87,10453.857533
86.02883,189,10455.603629
18.035702,90,10456.394077
50.517299,95,10457.230696
336.614667,332,10460.077372
140.709319,279,10493.14134
1128.973305,1000,10502.271372
1015.28388,949,10510.779238
204.324021,223,10512.742744
-9.836671,27,10512.979237
52.60362,56,10513.46939
472.42245,525,10518.038718
194.537835,187,10519.778929
126.124778,235,10521.951393
151.297516,165,10523.398281
118.373511,206,10525.206887
88.110105,128,10526.282677
867.730905,1000,10565.922228
4.282234,25,10566.149386
285.557852,299,10568.768757
136.523623,118,10569.801778
156.448994,191,10571.476551
86.240025,73,10572.117293
299.469903,543,10577.063576
308.570933,640,10582.691251
209.505072,510,10587.211758
331.90813,383,10590.558033
141.413111,133,10591.724191
172.416564,361,10594.586129
633.098946,985,10634.283365
615.999636,471,10638.390397
250.697512,336,10641.431681
94.434429,90,10642.277428
140.253636,145,10643.624195
188.439224,241,10645.75753
843.288318,837,10653.079054
124.48903,214,10654.998984
277.472573,280,10657.456981
454.940119,711,10694.029058
63.904113,158,10695.51951
87.862575,227,10697.717545
478.811172,662,10703.65522
227.756617,236,10705.72208
720.309353,893,10713.950981
466.95715,921,10725.113236
155.797745,187,10726.653902
19.384963,29,10726.87463
65.516275,93,10727.570373
40.992972,37,10727.855511
141.049526,166,10729.096003
155.528326,153,10730.24022
237.125127,455,10764.699755
355.517106,704,10771.293599
189.123018,176,10772.978568
739.623656,621,10778.666594
155.818537,147,10779.962792
671.188817,1000,10788.73358
82.004445,382,10792.007902
231.749431,260,10794.334545
129.774543,107,10795.212872
121.00936,112,10796.142478
465.08512,449,10830.346362
135.575956,158,10831.86713
156.7118,130,10833.105887
303.012357,224,10835.323296
86.733724,110,10836.424559
40.047181,57,10836.993389
-4.325947,40,10837.402347
134.196466,290,10840.276283
57.724685,73,10840.976403
37.001057,141,10842.335369
281.414077,513,10847.193719
152.978713,129,10848.327191
84.79378,129,10849.46064
165.767172,230,10851.485869
882.737163,794,10858.267934
257.180732,272,10860.65882
83.781493,98,10861.515436
2.575159,26,10861.742667
219.908535,270,10863.980057
113.358389,223,10865.727089
-3.944594,9,10865.793134
66.701933,102,10896.99361
117.83594,119,10898.114171
188.055834,246,10900.410606
462.67342,433,10904.684638
226.496865,433,10908.916862
15.228933,37,10909.270712
132.624346,127,10910.425187
150.29249,247,10912.684412
88.409275,72,10913.352097
198.23405,205,10915.194725
1151.522981,1000,10923.934434
70.469137,98,10924.797415
28.669205,69,10925.400444
5.696256,40,10925.748761
27.600896,92,10926.551815
481.720954,1000,10964.585588
91.766734,87,10965.417229
11.873209,34,10965.74332
67.825526,131,10967.004219
324.174363,336,10970.177057
304.306315,306,10973.152486
21.594938,40,10973.544178
590.30499,570,10979.039187
508.925948,529,10984.007355
1061.008431,1000,10992.750835
26.151611,54,10993.226126
181.208128,421,10996.911574
413.052466,469,11030.304577
91.601212,163,11031.822243
22.143956,61,11032.392095
346.289388,1000,11042.132169
46.731736,51,11042.640157
12.989111,34,11042.98755
46.078612,101,11043.984512
343.986215,363,11047.486053
466.125286,817,11054.856344
25.971456,48,11055.271627
267.497772,285,11057.749951
443.18672,362,11060.916682
489.301051,1000,11098.578084
43.749727,140,11099.94115
-1.860708,35,11100.275258
320.500552,345,11103.587326
2.525492,34,11103.897762
799.105377,729,11111.199144
190.195862,170,11112.879138
914.637778,1000,11122.19685
40.085019,86,11122.95262
104.678644,184,11124.569665
214.356332,216,11126.575644
76.664017,145,11127.847526
261.246014,273,11130.168328
16.962797,76,11130.807166
178.184347,164,11132.115085
129.47375,115,11133.018491
91.634377,113,11133.906356
75.993433,84,11163.138222
21.389544,28,11163.409329
142.965991,181,11165.072381
162.837124,160,11166.561884
908.372688,1000,11176.53693
21.400724,39,11176.93681
119.447718,165,11178.558604
63.331925,95,11179.474872
51.880457,51,11179.986729
7.571134,24,11180.229067
71.659959,133,11181.544311
369.429817,364,11184.996803
-10.930902,44,11185.408099
76.865275,106,11186.410368
141.542852,138,11187.672135
380.366437,613,11193.102791
94.479376,114,11194.141392
102.40655,198,11195.865705
169.624515,189,11197.514645
176.489493,195,11199.106129
51.432419,89,11199.817506
1058.063482,1000,11237.370136
3.016803,120,11238.510329
322.130241,413,11242.648645
24.378365,58,11243.228293
55.079918,42,11243.651199
49.954459,58,11244.248903
26.814448,41,11244.662822
119.838207,98,11245.6475
301.641119,443,11249.879458
18.326492,62,11250.464996
166.481724,418,11254.295307
24.1508,34,11254.621567
230.217594,257,11256.837862
209.179829,352,11260.003387
16.681519,50,11260.485502
503.734526,560,11265.46356
118.768,116,11266.424565
368.410992,286,11297.879999
197.629666,285,11300.654377
148.512315,182,11302.468183
94.681657,79,11303.242346
84.411469,179,11305.036636
1259.866026,1000,11314.870637
1003.189144,1000,11324.206215
42.886171,87,11324.966459
1170.133172,1000,11333.831637
71.232095,102,11334.641522
59.08873,62,11362.97518
186.380142,171,11364.469232
246.744449,232,11366.620026
580.744756,854,11374.887387
48.567588,58,11375.478357
330.339582,437,11379.882982
366.175623,402,11383.784499
111.259144,106,11384.825491
78.958398,1000,11394.088781
59.057478,191,11395.850876
290.217588,382,11399.259194
115.346735,159,11400.623062
162.677181,276,11430.796418
213.713887,397,11434.451073
845.951302,1000,11444.351182
229.661268,237,11446.730854
26.876388,62,11447.35738
190.013304,199,11449.339639
165.065241,183,11451.087986
43.831394,78,11451.852076
100.502058,151,11453.282511
39.397819,58,11453.808544
82.824719,75,11454.510309
-4.050679,10,11454.601071
22.927147,29,11454.87562
103.777265,88,11455.723682
128.332946,244,11458.040506
108.183441,117,11459.099829
112.92475,120,11460.252509
37.288028,47,11460.692539
263.927842,273,11463.276109
1207.863092,1000,11499.154992
694.246451,741,11505.969115
134.393031,132,11507.235529
37.089444,144,11508.694795
231.377678,227,11510.987653
532.532322,1000,11520.89557
116.165292,310,11523.771886
98.086788,109,11524.768771
1028.997451,937,11543.138865
95.662873,96,11572.292892
18.647769,55,11572.755653
883.880854,1000,11581.83072
37.89695,83,11582.670123
164.574823,164,11584.264691
9.788239,26,11584.520912
502.195041,415,11588.523616
434.53178,351,11591.922046
270.611055,298,11594.538034
68.749397,143,11595.689672
52.445881,142,11596.912474
89.835453,101,11597.785861
250.872349,256,11600.072978
257.626248,243,11602.270578
202.344043,324,11605.100691
92.557772,96,11605.94184
503.236915,487,11637.855604
93.709057,120,11638.981167
-6.124227,9,11639.060671
17.053168,58,11639.596438
987.730775,836,11647.566472
510.631667,1000,11657.534425
24.370858,46,11657.99211
581.150117,481,11662.553449
191.319003,247,11664.704428
1338.426594,1000,11673.767742
135.026272,137,11702.509182
55.726392,194,11704.195895
463.76273,1000,11713.455869
74.974371,137,11714.818802
249.042438,324,11718.051418
482.827656,474,11722.871614
19.345482,53,11723.42247
164.672242,160,11725.04122
260.641513,253,11727.604788
181.480588,183,11729.380589
784.741491,726,11735.977897
18.052477,28,11736.242872
528.826276,517,11740.87272
1093.703521,870,11776.069512
151.602421,125,11777.229592
313.38312,305,11780.193982
57.453707,106,11781.265779
79.085341,131,11782.589922
56.336059,109,11783.68772
145.644984,366,11787.347369
946.377246,835,11795.64835
146.351594,160,11797.242777
183.808279,256,11799.585897
97.952687,78,11800.334996
26.667977,42,11800.739294
247.542106,250,11803.08057
-2.015727,11,11803.180489
49.642972,55,11803.690599
554.624942,971,11839.487667
360.785702,284,11842.110425
75.782242,91,11842.953323
193.373827,321,11845.988007
13.724604,52,11846.487859
490.552068,497,11851.313099
92.851807,84,11852.158648
327.285543,361,11855.840798
122.629483,118,11857.051378
236.800942,270,11859.769174
123.337946,133,11861.116415
315.420079,214,11863.259382
113.694359,246,11865.728064
74.250357,104,11866.741758
313.507861,271,11869.251432
129.04638,127,11870.472247
519.319465,1000,11906.841107
27.309933,34,11907.136522
380.264219,337,11910.338598
17.449499,56,11910.8743
32.023813,73,11911.573353
556.366185,496,11916.341711
128.763739,112,11917.460533
-8.764357,8,11917.541822
163.373589,211,11919.676281
1083.544729,1000,11929.804208
438.65827,438,11934.279058
897.192413,810,11968.857903
726.723241,1000,11977.792124
94.973441,161,11979.277117
280.459875,317,11982.218594
776.271776,701,11989.137767
193.187331,252,11991.649883
34.838498,45,11992.091946
-6.955867,17,11992.264287
55.465134,54,11992.815997
255.602993,258,11995.417152
1067.614293,766,12003.275106
147.757591,169,12004.874989
450.047497,524,12037.252333
935.051493,861,12044.867102
213.760615,308,12047.764889
324.210502,362,12051.211381
18.164951,50,12051.719239
49.504452,46,12052.179771
347.174017,405,12056.276918
228.822184,210,12058.389475
371.379769,339,12061.863527
229.528522,242,12064.334116
125.830426,127,12065.76668
4.352702,15,12065.936375
60.622915,118,12067.276606
61.011973,85,12068.187584
391.060269,291,12070.940447
1032.607745,896,12106.263671
-5.314063,10,12106.351566
1020.977599,791,12113.447457
63.155647,45,12113.878402
16.302028,38,12114.243287
423.895656,514,12119.175525
248.443142,431,12123.588705
174.045439,280,12126.460416
1029.276208,1000,12137.187984
59.514919,59,12137.751808
99.831315,104,12138.747092
100.770491,104,12139.743236
144.352924,155,12141.226971
474.349109,1000,12177.194458
64.64044,66,12177.770569
71.578547,97,12178.664567
164.277211,306,12181.547375
51.890445,41,12181.938751
99.240127,85,12182.752316
66.480617,44,12183.173025
32.017727,47,12183.599904
274.576674,210,12185.605275
304.163758,430,12189.912937
599.479181,1000,12200.434547
151.128092,313,12203.882855
590.685209,747,12237.889452
520.2588,808,12244.927839
581.15777,904,12253.540344
102.287824,90,12254.447289
301.584632,340,12257.902804
383.111305,612,12264.149133
226.588035,305,12267.598067
410.295213,309,12270.978675
43.710433,66,12271.60393
80.062926,67,12272.22435
649.660916,1000,12308.525059
401.202037,624,12314.008474
227.208999,265,12316.546184
38.210595,38,12316.913947
77.38322,65,12317.540879
315.924904,308,12320.459315
174.079431,156,12321.988761
1149.312193,1000,12332.294789
183.621622,223,12334.836397
223.405195,209,12337.202315
126.127118,187,12339.102489
331.0046,1000,12380.3749
56.098183,42,12380.744388
43.691596,80,12381.447267
-14.335066,23,12381.649372
690.197593,585,12387.101476
173.214968,193,12388.929861
548.356491,608,12395.059685
895.65015,1000,12405.767262
45.601893,58,12406.301659
1022.587125,952,12442.118533
32.015307,53,12442.58381
27.065918,46,12442.988033
454.218695,433,12446.785981
1187.788032,1000,12455.826562
396.496192,406,12459.55139
70.276987,59,12460.099653
166.950745,159,12461.567587
127.322444,230,12463.753744
80.043077,122,12464.950078
76.092904,108,12466.014979
113.050816,109,12467.098867
103.902528,118,12468.268866
184.031618,289,12471.156453
498.771677,615,12477.016477
7.953329,37,12477.35835
284.044705,312,12509.133087
-0.940472,23,12509.313107
593.299441,462,12513.17788
142.399093,192,12514.863468
155.762763,144,12516.13079
308.174432,550,12521.185157
302.146352,368,12524.623818
-3.918349,11,12524.721716
969.420997,754,12531.894122
98.064749,127,12533.171847
341.317447,273,12535.909852
28.06608,82,12536.73542
173.577907,287,12539.633752
48.310684,60,12540.24137
73.816793,85,12541.045987
169.527046,242,12543.434212
170.562786,165,12545.038911
93.592941,142,12546.395385
166.066666,156,12576.346408
999.741348,1000,12584.689198
293.281965,321,12587.582202
398.996084,367,12591.033356
349.559483,258,12593.43608
29.650651,30,12593.679904
185.437569,205,12595.524305
169.716966,216,12597.571038
118.857798,119,12598.747709
273.736342,290,12601.657267
213.608223,260,12604.206448
1151.283927,1000,12642.684608
329.21431,317,12645.195401
47.847773,64,12645.703951
44.91401,62,12646.207224
197.9002,330,12648.909336
325.851928,334,12651.844603
547.857916,752,12658.641668
56.047382,84,12659.444815
211.580608,215,12661.462698
191.781856,244,12663.773922
275.536206,251,12666.226566
231.653837,177,12667.972616
1047.814756,1000,12677.556949
163.283277,125,12678.72591
157.374514,154,12709.492951
303.526383,368,12712.419595
149.377665,131,12713.439502
599.016622,565,12718.134411
19.96329,29,12718.387637
15.602428,47,12718.797104
-3.318619,10,12718.88458
144.571711,121,12719.939318
136.445276,201,12721.690323
226.927908,281,12724.146994
91.836047,134,12725.309965
315.738143,1000,12734.814385
112.335394,207,12736.851877
783.25109,704,12743.882477
286.633326,556,12778.321211
23.320278,33,12778.569541
288.956358,272,12780.577455
29.859589,44,12780.901838
574.539221,532,12785.17109
251.07039,284,12787.669296
244.600847,172,12789.180089
215.554628,256,12791.516765
124.380411,120,12792.653381
1291.775815,956,12801.764988
4.26046,14,12801.907312
58.151285,70,12802.612765
132.342508,115,12803.738668
717.646935,631,12810.034132
270.85799,209,12812.031206
237.035792,244,12844.562564
775.293414,622,12849.581113
54.055473,47,12849.954066
-4.063111,11,12850.051103
538.698461,875,12857.71831
478.826068,1000,12867.012802
-1.734568,81,12867.851921
36.728939,88,12868.710515
120.51326,300,12871.680432
143.352471,119,12872.840191
103.130068,115,12873.954357
340.490318,309,12877.004524
104.116909,147,12878.504646
365.567667,331,12911.705981
90.883783,88,12912.424072
1207.308526,916,12920.095806
195.049055,230,12922.109526
231.615432,173,12923.620667
534.979694,424,12927.46096
2.307255,10,12927.557144
248.630276,196,12929.438355
88.641667,55,12929.967351
41.062771,75,12930.686203
156.496934,212,12932.721842
409.912505,378,12936.249372
356.351635,1000,12945.95317
92.974637,99,12946.909595
29.514151,41,12947.30506
179.410007,171,12979.089958
190.734807,242,12981.066064
90.338569,99,12981.871029
167.411002,191,12983.425288
181.165805,216,12985.202287
77.423995,68,12985.800874
47.395431,63,12986.353253
722.402206,625,12991.800016
334.288378,254,12994.019086
73.410549,172,12995.625316
849.587457,613,13001.39968
196.734202,253,13003.707224
14.673326,33,13004.022281
330.69283,295,13006.82273
78.660128,118,13007.958195
636.231603,618,13013.855222
185.167174,170,13046.153686
316.253086,244,13048.146035
-0.163434,64,13048.662072
168.984475,161,13049.971804
123.659798,152,13051.215031
304.054794,260,13053.410042
138.871414,228,13055.417326
136.392226,115,13056.426829
147.760149,253,13058.652568
346.218303,344,13061.677227
157.248149,332,13064.785874
427.766895,1000,13073.741386
408.823743,585,13079.261497
107.48269,85,13080.128934
233.235558,183,13081.906517
27.495189,45,13113.419862
151.773369,170,13114.808065
-3.338839,24,13115.003454
71.314876,83,13115.677152
261.819264,327,13118.345122
229.936518,194,13119.958177
82.270446,148,13121.252733
105.577099,128,13122.376463
106.084933,77,13123.05322
62.364922,61,13123.58969
555.369425,1000,13132.521712
557.754586,414,13136.286948
63.269914,75,13136.944366
41.901173,80,13137.625495
242.251244,218,13139.472364
-4.432228,14,13139.594823
327.730911,461,13143.860458
13.036558,34,13144.187478
78.299363,88,13145.038002
54.832368,159,13146.643315
36.230457,69,13147.357532
834.866885,800,13185.811181
193.790105,217,13187.632797
760.062966,704,13194.333723
97.647883,86,13195.083502
133.441859,168,13196.549227
60.109557,152,13197.874483
988.145254,835,13205.133187
1447.907101,1000,13214.249542
278.863348,307,13217.172138
29.172365,58,13217.690994
44.760917,87,13249.120497
88.601627,172,13250.506356
114.920173,189,13251.963536
52.56811,54,13252.353669
254.08304,263,13254.308759
49.883886,70,13254.904559
158.502366,112,13255.879638
119.151658,166,13257.328738
512.641777,395,13260.719045
161.705993,130,13261.858187
210.596207,235,13263.840293
29.451405,81,13264.545053
869.204832,687,13270.687583
381.406373,303,13273.340365
42.403384,54,13273.809239
394.81982,440,13277.246722
207.241034,248,13279.389659
122.626402,115,13280.466572
256.379976,222,13282.496914
215.668929,209,13316.727403
967.64992,813,13323.342355
411.526614,566,13328.222748
41.183236,31,13328.494439
116.082653,179,13330.056308
4.900369,19,13330.222191
103.132273,171,13331.715709
17.217049,86,13332.466705
192.235783,158,13333.84514
296.431059,285,13336.243716
44.40448,58,13336.750878
101.973102,179,13338.314631
57.73741,74,13338.966812
614.68853,705,13344.870485
480.86705,545,13349.805867
1.957501,14,13349.941029
46.719954,106,13383.447301
178.386537,126,13384.452672
33.929888,32,13384.707618
114.014202,104,13385.533699
0.205571,31,13385.787907
76.745459,84,13386.473562
266.32746,263,13388.65714
279.215295,874,13396.254598
40.292212,74,13396.900848
331.194042,360,13400.053588
215.075265,211,13401.829131
275.206642,212,13403.659914
257.668823,190,13405.321334
227.213184,249,13407.493574
259.914112,254,13409.58601
530.546068,400,13412.826264
67.054635,61,13413.336916
463.157422,335,13416.428163
161.570222,137,13417.703368
299.061694,250,13452.854986
79.073456,87,13453.551848
432.89646,736,13459.867557
245.903501,174,13461.388883
1.354262,25,13461.607381
277.180206,272,13463.988569
853.470609,694,13469.878286
209.551421,280,13472.329647
141.886367,167,13473.73897
81.148301,89,13474.483559
5.616719,12,13474.568856
436.605449,336,13477.253073
157.632456,169,13478.611739
54.522272,44,13478.967634
77.887124,69,13479.534768
233.712163,209,13481.220639
60.797983,63,13481.772659
492.209988,513,13486.378697
74.45626,72,13520.058057
407.085915,335,13522.815275
65.759577,161,13524.22397
169.456184,197,13525.939002
146.000902,151,13527.247555
62.445791,75,13527.902679
77.986973,75,13528.559065
122.051844,132,13529.712538
346.932126,277,13532.134499
507.544925,435,13535.731741
196.297163,160,13536.983343
145.119152,175,13538.479152
10.856048,33,13538.77203
127.443592,86,13539.52119
196.990049,133,13540.685405
438.107515,342,13543.326258
118.611542,118,13544.274955
-3.831164,74,13544.865007
170.350771,154,13546.091971
415.691766,613,13551.073743
113.392641,88,13551.852362
377.847164,283,13587.655306
425.411091,491,13591.817556
113.842949,97,13592.665658
38.794238,99,13593.53215
933.55189,768,13600.261228
97.316789,92,13601.041211
325.610618,426,13604.513772
91.37366,67,13605.055078
278.206453,233,13607.087537
84.630113,131,13608.218646
302.046959,387,13611.111342
500.741536,569,13615.758589
178.600406,171,13617.153852
216.971711,195,13618.847294
17.6172,72,13619.475069
104.520226,83,13620.216672
283.219395,220,13656.040353
33.238321,65,13656.596766
2.088092,34,13656.892199
17.249313,29,13657.135995
186.018961,185,13658.77043
43.025437,44,13659.156657
316.526291,222,13661.105102
235.633556,317,13663.87446
652.39098,464,13667.940773
411.89668,463,13671.674132
158.468032,161,13673.006802
26.082063,36,13673.321657
33.98183,32,13673.60203
28.228541,57,13674.103302
639.594472,517,13678.305483
190.989063,158,13679.46008
41.969133,59,13679.900124
171.859912,132,13680.874825
69.744484,66,13681.361997
501.287792,401,13684.471572
322.324691,295,13687.028933
403.944299,312,13723.900306
606.940819,479,13728.047322
26.016763,39,13728.390895
777.343925,733,13734.820588
136.979284,139,13735.987747
24.356973,24,13736.183725
1356.808587,957,13744.075095
120.600557,139,13745.21381
62.492339,65,13745.745741
222.437575,198,13747.369202
264.792705,364,13750.34402
41.055233,45,13750.696485
541.58228,861,13757.918439
49.37339,116,13793.102556
49.295877,48,13793.520953
242.822377,152,13794.847136
264.066695,246,13796.993723
247.399096,244,13799.086215
132.141114,172,13800.571057
233.664698,159,13801.957458
1470.287247,948,13809.452007
164.388954,210,13811.05845
83.909989,121,13811.944375
411.172857,516,13815.855885
163.676334,125,13816.875321
41.272493,56,13817.307558
179.51477,296,13819.5423
252.158731,224,13821.440141
67.570758,96,13822.278262
235.716923,339,13825.284194
5.706341,33,13825.600713
849.746655,647,13865.188657
275.058061,329,13868.074912
73.874483,64,13868.636767
41.129635,63,13869.165919
6.641939,64,13869.687227
352.152045,266,13871.849769
22.219,33,13872.118032
198.097988,219,13873.912712
74.983094,70,13874.484391
26.077987,77,13875.133846
44.888357,81,13875.84046
244.659515,273,13878.049676
338.913442,321,13880.42733
197.468965,147,13881.520835
27.434273,27,13881.717515
68.713314,58,13882.130296
358.773861,241,13883.922852
354.520835,245,13885.615311
-4.053223,18,13885.759968
663.480708,1000,13928.830114
759.095357,733,13935.119604
725.183394,565,13939.73569
1195.171782,1000,13947.958288
398.356771,484,13951.761692
439.792641,453,13955.283904
241.490328,258,13957.558
117.080812,79,13958.255164
529.812923,485,13996.731614
707.760923,811,14003.707485
473.679566,364,14006.664387
29.415466,41,14006.996189
461.617481,271,14009.181948
185.467298,141,14010.32919
84.42151,74,14010.928247
230.179801,176,14012.335042
375.071746,308,14015.581782
184.036522,179,14017.036546
295.835245,233,14018.800468
779.738616,932,14026.262907
890.99673,659,14066.247443
350.366522,294,14068.808059
109.716029,114,14069.804463
1232.983511,1000,14078.148337
34.454916,61,14078.591408
153.73523,210,14080.089742
84.775108,99,14080.751177
1098.204558,738,14086.29534
1287.677263,1000,14094.198119
1350.239606,1000,14138.291891
225.687837,146,14139.573596
139.528193,165,14141.014865
691.19033,459,14144.806489
299.339795,400,14147.96338
20.97544,43,14148.255206
411.078233,412,14151.338504
65.577352,77,14151.967793
684.545231,524,14155.8523
162.369091,151,14157.010254
217.389742,170,14158.39476
46.574948,135,14159.502007
145.848334,205,14161.178591
1322.052715,1000,14204.398904
524.816696,423,14208.120579
172.263639,150,14209.435069
106.731778,96,14210.227193
54.038114,55,14210.679769
130.482999,120,14211.667168
491.207572,497,14215.712467
310.447718,236,14217.563897
87.486041,109,14218.439322
213.057128,185,14219.937118
76.619967,160,14221.206853
94.189402,61,14221.657422
129.595458,147,14222.750053
61.99939,99,14223.484383
84.154283,78,14224.057115
900.281086,696,14229.27599
165.2276,274,14231.47533
43.704304,47,14231.888343
168.323861,116,14232.904832
280.875849,178,14269.769892
162.638457,148,14271.05043
457.021147,628,14276.485082
538.982303,351,14279.351459
1264.944871,1000,14287.264856
186.541706,190,14288.853528
774.517352,819,14295.59077
223.59479,283,14297.904027
470.80141,314,14300.543904
1.989604,69,14301.157857
178.726704,223,14303.141135
126.274974,152,14339.664766
310.357775,204,14341.4672
29.397859,34,14341.768112
62.437411,57,14342.272439
153.258305,103,14343.183775
147.892019,130,14344.330396
529.813327,366,14347.409602
200.243235,243,14349.392076
785.101759,635,14354.100669
59.284332,70,14354.633853
424.445777,274,14356.960495
468.353754,321,14359.495733
348.765576,235,14361.411337
138.128392,114,14362.346049
241.082194,286,14364.678428
321.762631,299,14367.128304
71.967816,64,14367.654878
438.569895,385,14370.967536
1322.660176,1000,14414.398788
596.862453,463,14418.328804
301.766958,315,14420.895884
128.641881,143,14422.056599
18.144287,41,14422.406199
1260.651294,946,14430.346041
979.806221,639,14435.53953
-4.180998,11,14435.629834
183.156885,162,14436.975985
241.191397,336,14439.920857
201.83702,140,14441.152378
537.577415,423,14479.187513
376.125376,263,14481.485879
405.324065,293,14483.94394
840.638732,1000,14492.261558
-6.159903,33,14492.537374
95.426655,72,14493.150777
290.858242,198,14494.726297
1306.486546,907,14502.09146
931.769135,762,14508.602426
193.989286,161,14510.03098
262.897737,205,14546.092463
601.281612,456,14550.097238
68.70892,73,14550.732534
161.081114,205,14552.519536
1412.426016,952,14560.975691
30.970118,53,14561.445054
482.434897,473,14565.2806
25.836531,32,14565.539428
197.73638,134,14566.631436
166.478711,127,14567.635147
133.963683,95,14568.400205
256.196732,297,14570.828092
54.867013,58,14571.29265
209.309735,228,14573.13095
292.083059,257,14575.389893
-5.09738,12,14575.489531
3.727588,23,14575.696223
253.341366,159,14577.094677
330.006576,403,14614.331005
22.547989,55,14614.810842
102.087063,89,14615.585797
46.132005,53,14616.04592
1490.214889,926,14624.608126
82.302027,63,14625.160585
43.833133,56,14625.650882
279.105236,246,14627.809209
-7.135249,16,14627.948931
723.850922,724,14633.997432
20.995488,35,14634.286551
789.181963,1000,14642.493106
127.066311,101,14643.345433
228.656862,289,14645.76997
289.667046,310,14648.117316
290.61471,278,14684.267116
121.094972,196,14686.151383
213.937397,218,14688.327483
157.724368,155,14689.839605
777.710624,508,14694.441075
69.659062,48,14694.859369
359.857901,301,14697.486452
587.067559,1000,14704.966202
1059.456083,637,14709.894058
305.734523,207,14711.666206
44.109007,55,14712.110691
548.298347,419,14715.186829
506.392825,492,14753.178938
144.831176,148,14754.634658
60.711839,77,14755.377425
74.653375,105,14756.378775
473.278742,319,14759.346566
17.3885,44,14759.723796
590.220708,481,14763.923089
468.94135,291,14766.425877
840.124945,581,14770.944639
38.42066,100,14771.732534
154.463781,137,14772.810074
113.816654,143,14773.92835
19.105549,28,14774.146096
44.345044,52,14774.551786
317.265643,237,14776.410221
-2.868466,16,14776.539841
14.806102,24,14776.748356
289.28848,266,14778.973901
142.226172,102,14779.723304
-2.561964,11,14779.797546
765.529105,598,14817.542443
78.190968,80,14818.30128
217.19073,134,14819.569021
890.122687,571,14825.224929
255.027509,222,14827.354372
160.666789,186,14829.029531
33.018511,84,14829.767266
154.891368,160,14831.173817
29.737232,43,14831.552225
470.292492,335,14834.432209
323.747499,273,14836.581312
458.412863,484,14840.397853
391.708029,240,14842.270865
64.397166,92,14842.97944
171.422072,230,14846.838229
16.230814,44,14847.141033
156.746325,215,14848.716957
88.076594,118,14849.5479
109.749051,107,14850.332446
256.138524,382,14853.230055
141.01685,92,14886.8346
290.888396,229,14889.068811
693.10452,614,14894.982938
0.824856,15,14895.130939
362.661313,296,14897.917385
408.01865,296,14900.625701
586.864331,422,14904.150881
195.102674,276,14906.297716
22.332735,42,14906.619874
148.468484,175,14908.020633
74.327519,75,14908.610408
-3.331828,9,14908.683133
315.544828,227,14910.466218
152.546773,100,14911.319646
118.258264,113,14912.222259
425.450571,263,14914.033199
545.774286,394,14916.68398
686.984392,505,14920.068441
880.117307,632,14958.741405
99.868308,141,14960.044366
816.365117,596,14965.721928
187.694971,252,14968.141194
148.163956,157,14969.646768
203.885271,195,14971.39593
233.040329,192,14972.951065
67.295821,71,14973.532619
42.028792,87,14974.244348
511.288608,345,14977.052588
82.553409,93,14977.812823
38.986283,51,14978.217635
94.683906,85,14978.931368
54.240871,64,14979.498588
59.053052,69,14980.000794
297.599109,254,14981.782676
81.23061,68,14982.259519
247.17313,258,14984.075183
152.9971,134,14985.009484
129.026421,91,14985.65261
25.188166,36,14985.912179
193.842955,148,14986.946418
313.668833,229,15021.192957
517.597184,377,15024.861902
273.202595,263,15027.37674
18.083118,38,15027.750707
1126.632743,673,15034.210522
175.824578,158,15035.712897
23.471555,33,15036.022672
17.303893,32,15036.331035
139.687917,95,15037.219338
115.987467,128,15038.398138
190.55303,174,15039.930388
45.937687,113,15040.863717
104.870651,146,15042.065052
120.977685,110,15042.970531
436.136159,269,15045.178478
401.363472,425,15048.403572
1.20569,19,15048.528787
708.104681,586,15052.43223
349.938155,280,15054.288967
169.715571,100,15087.157985
31.906414,51,15087.665389
425.411246,234,15089.915162
227.540671,316,15092.965366
169.641851,204,15094.862782
1022.998512,699,15101.667422
242.227558,152,15103.11029
46.574516,96,15104.035169
796.378669,1000,15112.659772
259.642875,249,15114.593824
246.108406,198,15115.899245
557.573472,677,15120.435458
204.042642,162,15152.933489
309.398111,253,15155.441336
47.744511,76,15156.210684
114.933327,123,15157.405803
813.866232,689,15163.904855
83.950524,117,15164.991522
62.927799,60,15165.553084
1224.199053,1000,15174.805995
409.110189,391,15178.063029
426.105894,368,15181.067146
525.210485,312,15183.145736
54.664027,59,15183.54334
167.036663,126,15184.369219
35.382354,44,15184.65878
91.713373,209,15186.040001
249.826719,184,15187.247191
220.115532,318,15220.66611
2.039144,11,15220.774179
171.244045,125,15222.021433
188.005264,274,15224.630317
55.920887,51,15225.10732
508.547133,319,15228.229524
73.611681,97,15229.145502
194.765449,131,15230.353243
615.505749,442,15234.470387
1054.272468,1000,15243.870688
38.539112,39,15244.191528
535.306577,359,15247.061393
42.546907,42,15247.428413
419.710666,303,15249.712629
116.063002,66,15250.144389
321.991583,295,15252.103046
57.558483,48,15252.421269
292.011839,264,15283.669721
359.613678,229,15285.999522
418.854855,241,15288.427775
385.399822,324,15291.571577
45.166009,30,15291.875263
107.752474,74,15292.607352
85.69446,134,15293.938838
143.405871,152,15295.443135
127.45105,159,15296.971962
286.018603,161,15298.533365
98.847322,93,15299.455275
1302.137433,889,15307.88988
924.515827,580,15313.060717
215.896153,149,15314.334106
99.958314,152,15315.650615
426.054858,266,15317.516344
272.364645,200,15318.818366
202.703093,162,15319.867354
59.987623,59,15320.251988
418.452961,342,15352.275058
184.71703,100,15353.313196
36.371257,32,15353.643188
280.07044,257,15356.154207
518.10577,474,15360.761493
862.258911,634,15366.950675
390.403953,289,15369.730759
1.061033,23,15369.951919
119.635603,115,15371.059313
654.819202,547,15376.310539
457.125134,344,15379.488392
323.518032,236,15381.515909
108.305444,109,15382.466938
62.792739,78,15383.108499
865.397376,882,15419.145559
388.83146,320,15422.372203
62.998234,69,15423.088697
1013.041977,767,15430.446894
730.401373,769,15437.774663
181.077148,283,15440.429956
440.112437,262,15442.941466
78.419673,68,15443.599828
69.711798,66,15444.238261
17.309606,57,15444.787078
921.155081,710,15451.032284
1584.09574,1000,15487.765266
72.391701,56,15488.294636
494.439055,384,15491.998311
581.99667,395,15495.830091
308.925287,372,15499.323273
239.041708,177,15500.98647
650.646125,503,15505.788326
585.680919,418,15509.785968
276.151054,277,15512.407274
65.293521,82,15513.187779
401.068758,406,15516.881556
591.41429,412,15520.024178
46.283216,58,15548.203367
254.27619,238,15550.229156
843.948937,639,15556.300515
134.950808,90,15557.208315
57.671547,132,15558.453095
901.623402,593,15564.307517
51.949819,72,15565.026925
118.393711,87,15565.909092
45.53694,78,15566.674497
152.262341,192,15568.547615
310.97757,268,15571.146256
177.97299,149,15572.620842
414.471073,288,15575.297284
329.04083,267,15577.865957
677.297715,424,15581.875139
416.678163,279,15584.390772
95.636239,150,15585.699965
238.242552,251,15615.185745
140.713834,162,15616.483917
699.132385,654,15622.237947
72.05494,67,15622.881481
383.324852,224,15624.996167
51.81454,79,15625.740608
377.404275,341,15629.018099
21.103124,74,15629.720402
135.498817,160,15631.245044
162.117069,193,15633.116624
248.204354,240,15635.472864
151.901647,130,15636.774752
277.707931,258,15639.274017
280.66343,207,15641.270722
192.680728,203,15643.208714
331.057337,466,15647.647864
196.370141,173,15649.309837
192.482063,193,15651.647725
25.866609,38,15651.980154
359.201539,254,15682.049749
242.363247,174,15683.437845
419.08932,263,15685.433275
434.734335,354,15688.1641
324.412413,301,15691.021579
440.359938,307,15693.910639
185.895387,170,15695.575022
818.834675,621,15701.610842
734.649242,509,15706.46992
484.56774,291,15709.253614
220.415043,177,15710.951393
406.586322,267,15713.479815
161.001789,201,15715.443105
46.250219,67,15716.077422
106.07552,93,15717.02018
1.131139,27,15717.284441
179.878088,191,15747.431879
382.380794,311,15749.903829
993.716256,1000,15757.993626
30.789813,23,15758.199262
247.890421,205,15760.116984
1475.307507,970,15769.375642
67.739581,71,15770.053828
341.659338,212,15772.083797
690.579855,559,15777.472514
137.828189,114,15778.574301
308.03097,193,15780.408288
200.45582,242,15782.716455
27.304079,44,15783.140278
278.683315,206,15813.864057
211.156191,121,15814.833339
316.926333,247,15816.810954
177.003367,205,15818.364461
37.848693,58,15818.83327
-4.40837,11,15818.922394
211.193085,166,15820.184313
111.668237,145,15821.14809
327.365411,681,15827.179698
76.290516,58,15827.745081
70.353246,89,15828.611779
216.659622,193,15830.402395
837.91033,470,15834.901147
516.83921,506,15839.84984
42.344142,45,15840.264184
257.05937,233,15842.507174
895.496164,537,15847.678324
878.331588,686,15883.091659
29.864947,50,15883.462194
282.143479,262,15885.43858
391.318079,279,15887.446047
156.01569,122,15888.267309
701.876576,491,15892.564217
561.975593,326,15895.637346
75.356046,37,15896.021184
192.092202,149,15897.492785
343.24804,214,15899.538011
39.726231,49,15900.013712
227.378445,143,15901.363553
239.061392,152,15902.779111
103.82971,81,15903.527973
36.631547,46,15903.945278
133.986813,76,15904.64605
858.309615,569,15909.999841
19.343519,47,15910.472331
329.628612,196,15912.386854
604.093594,544,15947.474104
732.88739,558,15951.74357
273.273102,154,15952.985495
768.105068,574,15957.158087
82.869779,159,15958.520471
280.652732,258,15960.763121
583.826434,484,15965.263
189.502495,167,15966.853399
-3.196027,10,15966.943141
155.55355,206,15968.933341
27.583813,39,15969.286819
157.563887,158,15970.775097
124.505449,108,15971.811519
106.207133,159,15973.327681
24.80358,23,15973.542328
86.316489,60,15974.114808
138.584605,112,15975.232275
214.505637,234,15977.486519
199.841799,185,15979.259408
51.863191,48,15979.712827
38.818561,43,15980.11367
-7.952773,10,15980.209193
541.921446,348,16014.126591
75.315284,64,16014.550615
266.975285,177,16015.749434
726.133071,487,16019.515415
752.402869,459,16022.652097
96.27391,93,16023.256616
60.482641,86,16023.822572
79.427103,86,16024.498433
202.488606,175,16025.96624
940.588701,619,16031.755108
73.436354,65,16032.388826
16.233996,39,16032.754063
284.444759,224,16034.876206
31.764746,65,16035.520491
336.755105,307,16038.44012
179.639387,122,16039.62926
-5.180892,68,16040.255741
187.904658,126,16041.491257
26.80273,49,16041.966038
49.964929,69,16042.610578
11.578656,17,16042.780218
305.590349,386,16046.428133
116.240344,98,16079.003063
158.892232,142,16080.083357
92.300116,58,16080.464275
6.72645,20,16080.598762
256.86264,165,16081.709033
1128.208993,850,16087.832591
159.074859,185,16089.063482
760.5009,530,16092.834995
258.849207,204,16094.6399
78.494333,64,16095.226535
241.143435,155,16096.659632
111.405853,111,16097.690323
72.089987,191,16099.503034
1281.153038,808,16107.173829
940.565848,905,16147.646335
1656.856967,1000,16154.74485
559.096062,391,16157.343627
465.559245,297,16159.297206
747.457034,427,16163.017079
-15.194447,41,16163.402705
89.946012,109,16164.433439
593.804296,714,16171.272651
89.218364,67,16171.910644
405.265005,314,16174.907369
160.253115,115,16175.987911
141.208683,117,16177.097274
-4.112099,11,16177.202967
-1.926359,10,16177.29984
619.411883,402,16213.731122
561.532676,375,16216.165812
34.124598,95,16216.778793
165.411177,148,16217.737666
432.508569,417,16220.74832
144.551141,118,16221.514313
360.630189,248,16223.167788
117.824489,90,16223.76517
64.835936,49,16224.08983
636.348067,392,16226.69185
18.288506,30,16226.938287
360.350188,237,16229.063097
131.240143,88,16229.906543
330.505309,238,16232.138851
201.785415,164,16233.717196
506.593142,385,16237.371104
792.963892,733,16244.31184
1467.392568,963,16284.826329
128.368317,89,16285.45202
224.433693,160,16286.692513
1725.56281,1000,16293.306196
226.632059,235,16295.007028
133.614293,138,16296.212639
1216.000587,753,16303.374091
1247.417907,800,16311.140765
1599.518246,1000,16352.275312
96.902462,81,16352.905994
1474.727388,1000,16359.60266
653.590805,621,16364.499104
119.636765,118,16365.611271
1112.74326,725,16372.414417
38.512232,65,16373.051962
304.729939,299,16375.923843
243.546814,156,16377.410543
135.589422,142,16413.397483
145.512966,136,16414.328497
95.697608,78,16414.855501
185.210299,134,16415.750456
169.835459,155,16416.750709
134.291426,95,16417.386999
190.880513,228,16418.903734
111.17038,139,16419.849757
28.309706,86,16420.522332
39.734518,84,16421.099652
77.091091,51,16421.435244
5.56228,70,16421.902487
12.673713,24,16422.06817
302.294401,183,16423.290278
438.275783,362,16425.691187
442.357157,273,16427.504085
245.319483,245,16429.287803
547.10933,334,16432.040726
39.878339,38,16432.407187
323.837323,207,16434.382985
48.474872,38,16434.747939
414.864565,343,16438.018554
256.711861,241,16440.313933
69.296486,46,16440.76112
140.420888,142,16442.108685
822.789469,600,16481.975606
629.517845,443,16490.683098
144.749066,98,16491.340886
384.801145,364,16493.768749
27.803861,79,16494.30946
311.768323,195,16495.682641
1006.32642,574,16500.644878
39.22822,50,16501.126965
87.032084,197,16503.018727
45.287361,33,16503.313236
584.902477,461,16507.621805
452.525356,301,16510.567433
302.25003,297,16513.442107
263.280087,282,16516.332118
241.755777,169,16518.055647
176.486973,114,16519.173149
25.978538,43,16519.604571
460.025518,320,16554.084373
441.760707,438,16556.859905
287.32259,350,16559.227886
252.033981,224,16560.79136
306.953605,159,16561.779179
274.451912,289,16563.534008
172.891453,129,16564.329666
90.069506,77,16564.84194
21.501292,23,16564.995687
16.181287,33,16565.210317
32.66047,91,16565.820536
139.764388,140,16566.930165
273.229877,291,16569.467856
433.096057,283,16571.996599
465.566421,302,16574.824138
206.214358,103,16575.800419
81.976006,69,16576.43028
248.491906,147,16577.80982
107.853746,82,16578.573142
298.712051,219,16580.789762
44.293322,36,16581.152883
372.579519,290,16584.069946
222.818843,221,16619.293551
398.559647,272,16621.116484
4.863116,84,16621.658906
451.28003,403,16624.794698
63.075931,50,16625.19311
275.526554,238,16627.107706
250.478995,183,16628.347139
160.908631,126,16629.187622
209.918113,216,16630.610203
623.968127,346,16632.9115
76.019759,96,16633.552241
107.506477,102,16634.238775
118.004907,135,16635.329643
485.409179,335,16638.021293
151.57912,78,16638.650548
7.220414,21,16638.836216
236.861274,143,16640.109273
196.390063,163,16641.584883
623.791775,523,16646.520125
381.785336,269,16649.167246
36.152339,36,16649.525584
887.608264,576,16688.810883
313.698862,219,16690.474254
151.637369,107,16691.332855
1441.474869,1000,16698.650149
61.877608,58,16699.038955
754.302836,449,16702.019526
104.478083,113,16702.899932
72.85867,90,16703.613629
135.301553,112,16704.485838
1128.147208,738,16710.666736
62.567214,72,16711.332954
373.667322,321,16714.405387
984.203186,725,16755.718945
237.896823,136,16756.659882
437.976747,253,16758.615723
203.932706,163,16759.943135
765.802881,458,16763.287226
144.166526,118,16764.04657
325.328458,245,16765.682669
694.540421,404,16768.359632
651.719444,406,16771.363154
75.348364,41,16771.69895
17.727033,66,16772.234962
122.919329,99,16773.031386
341.139141,289,16775.335201
544.292066,377,16778.590522
227.657919,306,16781.534701
78.522907,121,16782.753447
11.856406,27,16783.019152
204.588771,180,16784.80444
-16.090823,50,16820.984367
190.181542,158,16822.037467
52.097243,50,16822.369967
324.580552,233,16823.952967
301.149281,198,16825.536869
2.097722,22,16825.715952
115.023363,106,16826.548539
929.236792,821,16832.52518
868.551936,791,16837.855073
68.976572,63,16838.369008
386.206817,314,16840.873242
75.132418,70,16841.44848
90.972485,107,16842.327594
151.235339,134,16843.426055
24.260491,47,16843.801193
247.436355,178,16845.236094
639.320078,388,16848.889235
430.759617,315,16851.953984
124.763368,102,16889.009351
78.658077,91,16889.626816
42.082226,48,16889.955758
517.255787,454,16893.333613
774.76928,513,16897.433064
61.778127,49,16897.817957
517.282844,326,16899.980954
622.242468,545,16903.617038
62.626417,79,16904.150798
163.174593,114,16904.956779
1630.012075,1000,16912.993513
157.356114,146,16914.222723
517.335687,369,16917.344424
1335.625,940,16961.558272
46.185538,56,16962.011299
105.939856,84,16962.684071
258.68438,261,16964.787887
-0.158494,11,16964.878175
63.206279,56,16965.338254
92.205144,89,16965.939776
391.126326,255,16967.622687
-1.777981,16,16967.732806
633.740704,383,16970.276404
39.75957,33,16970.502722
358.79037,213,16971.921965
414.291764,305,16974.244713
873.987108,789,16980.577718
34.301028,76,16981.201459
428.596791,376,16984.309182
1505.470586,1000,17029.538924
64.670965,58,17029.972397
546.449465,561,17034.183871
509.169363,314,17036.275625
104.716718,81,17036.819486
100.804168,113,17037.582086
102.581477,92,17038.202163
732.484759,703,17043.16457
1371.332691,1000,17050.615449
350.09193,193,17052.034773
241.923878,195,17053.703749
260.870059,242,17055.933798
372.283374,222,17094.984072
61.942971,66,17095.500244
93.804348,69,17096.048069
49.517735,54,17096.47304
40.538554,74,17097.060245
366.051802,291,17099.379436
308.966677,303,17101.617139
561.059064,493,17104.897257
146.435892,112,17105.635157
137.677992,94,17106.25533
126.474925,105,17106.957741
923.257333,641,17111.934523
384.913804,204,17113.57013
34.761538,45,17113.893118
906.295215,568,17118.12687
408.383799,332,17120.507365
81.33105,95,17121.279514
191.543571,178,17122.805601
120.22205,110,17123.802776
54.650893,46,17124.236305
374.374879,387,17164.722922
579.955657,362,17167.623347
52.704734,64,17168.13119
182.949998,123,17169.033228
272.518669,159,17170.100971
178.742696,175,17171.279315
289.341654,225,17172.782037
70.867886,66,17173.224046
35.597953,47,17173.542379
91.365565,78,17174.065301
469.265225,332,17176.631994
186.564546,117,17177.593592
395.049478,345,17180.422081
210.128755,158,17181.721717
373.906124,342,17184.477328
262.379331,215,17185.923258
36.451168,43,17186.212457
185.412292,193,17187.517109
105.95088,68,17188.013584
294.184146,177,17189.454807
394.828602,234,17191.406525
61.239924,37,17191.728733
309.550616,171,17193.316806
1732.828534,1000,17238.400813
197.44255,186,17239.666665
71.090498,62,17240.078803
162.747006,182,17241.282395
84.96563,105,17242.026956
226.758195,166,17243.371868
336.690413,286,17245.679862
59.741616,39,17245.981823
167.801724,180,17247.388754
88.090632,63,17247.891238
12.194027,21,17248.055105
158.504344,89,17248.77135
1414.653881,907,17255.225335
264.943582,193,17256.663604
193.351603,114,17257.589525
318.47089,231,17259.459446
48.96176,47,17259.869686
707.073789,435,17301.146747
932.84021,498,17305.076997
311.057879,169,17306.208522
69.26976,77,17306.725777
77.869899,82,17307.268137
261.251697,202,17308.684928
242.33847,196,17310.159235
596.028235,531,17319.170311
716.288266,546,17322.810407
308.325911,171,17323.986676
99.13472,126,17325.009277
1149.917382,1000,17333.740129
615.970812,449,17372.692917
121.439735,107,17373.397861
470.167693,292,17375.346311
1070.750894,581,17379.44249
1583.194476,976,17387.189928
61.453496,91,17387.93108
18.874907,54,17388.364629
617.875526,459,17391.84622
173.949981,140,17392.958334
342.817862,208,17394.648691
108.942832,124,17395.64695
290.621261,217,17397.428106
179.881486,144,17398.599438
45.558719,63,17399.210396
356.929582,291,17402.107073
619.710613,391,17440.638946
-3.649566,11,17440.725898
258.705755,140,17441.821751
311.57447,380,17444.66753
333.627268,239,17446.543111
69.80373,88,17447.314683
408.070268,289,17449.521063
116.156994,108,17450.347681
28.580455,22,17450.516787
51.298362,68,17451.037972
186.084944,151,17452.254966
296.985239,174,17453.648262
15.234503,24,17453.845774
86.263884,60,17454.331963
101.642225,112,17455.240908
254.713088,163,17456.570272
26.982202,46,17456.949371
1050.855024,680,17462.14093
521.652183,301,17464.566859
661.440573,498,17468.707474
611.483533,394,17507.942421
248.93729,176,17509.403162
187.594328,124,17510.406855
39.015106,45,17510.802276
595.678073,428,17514.402981
302.514863,252,17516.405928
719.257948,464,17520.103893
117.797022,106,17520.935723
194.964482,1000,17528.619358
112.095017,91,17529.35217
47.260086,36,17529.645298
148.264099,112,17530.547281
287.480255,275,17532.766054
1312.720431,877,17539.822819
494.132335,1000,17584.25366
366.949198,274,17586.480378
60.589334,65,17587.002824
405.817152,255,17589.050549
295.557309,293,17591.426304
144.161081,99,17592.225898
1104.382593,1000,17599.957728
41.936893,105,17600.821047
39.253917,35,17601.108158
197.231321,149,17602.323296
101.72051,74,17602.835228
515.023071,430,17605.696129
1373.0764,1000,17650.803802
499.994163,534,17655.031252
302.604566,256,17657.094752
127.423561,101,17657.905934
51.783353,63,17658.409045
157.059943,132,17659.377574
33.609661,46,17659.726975
359.65373,204,17661.227743
317.112108,191,17662.506624
176.611363,165,17663.833642
568.997924,309,17666.34646
311.150558,217,17668.102854
297.547354,173,17669.352481
117.418586,75,17669.848573
120.389167,87,17670.423064
250.660297,180,17671.634789
258.197677,198,17672.948153
780.302489,598,17714.346407
63.347017,67,17714.989066
133.385591,122,17716.158048
46.785038,36,17716.503749
566.024011,466,17720.463123
58.675883,50,17720.857616
38.696181,55,17721.275141
123.692974,58,17721.740827
382.294079,254,17723.721533
1739.56629,977,17731.218044
86.816822,57,17731.685355
538.141483,386,17734.798064
303.057697,292,17736.77569
246.031813,168,17737.89912
215.117688,135,17738.809839
53.603287,43,17739.099547
972.09009,617,17743.536534
65.277965,50,17743.969723
143.370542,177,17745.514807
319.202478,239,17784.190434
20.546375,31,17784.487636
92.805829,86,17785.299564
459.971583,263,17787.646277
165.560771,165,17788.945232
109.130681,73,17789.522019
414.855752,254,17791.504719
218.361203,148,17792.661734
342.857827,302,17794.984287
383.210094,182,17796.284708
446.686607,289,17798.547829
28.419033,33,17798.810231
121.735764,106,17799.643127
290.976523,176,17801.042028
56.073473,29,17801.276231
549.173587,360,17803.71727
930.69871,589,17807.671222
34.446225,48,17808.002523
683.585715,360,17810.57803
2.013764,56,17811.034742
447.072554,325,17813.820031
721.872553,436,17854.407981
713.749499,390,17857.711842
162.88039,143,17858.890474
1602.992391,1000,17866.801475
421.793458,283,17868.894566
2.773297,21,17869.03393
233.397664,132,17869.923537
200.061359,144,17870.884614
296.318137,220,17872.359645
75.929855,57,17872.738263
107.536559,66,17873.169609
49.232122,39,17873.42536
444.148221,221,17874.915854
726.152988,607,17879.221121
116.526004,109,17880.164594
138.730894,99,17881.029344
23.739682,54,17881.501763
484.322373,358,17921.507431
222.881907,136,17922.791776
494.758062,408,17926.179033
278.198452,257,17928.223709
85.516495,64,17928.738994
4.276747,15,17928.859667
282.127673,146,17930.002633
185.848935,154,17931.068125
229.5083,169,17932.350291
275.51886,236,17934.222527
137.32045,107,17935.042768
72.060315,72,17935.524176
388.02801,333,17937.768266
592.70989,465,17940.871838
27.788173,32,17941.086108
87.74492,70,17941.543724
177.389428,133,17942.429769
103.773374,101,17943.113434
104.291296,89,17943.716338
27.744895,62,17944.130702
281.330656,245,17945.896927
240.018893,154,17947.209374
164.16814,106,17948.141271
794.866761,502,17989.105292
35.261266,57,17989.652062
65.119295,50,17990.12082
12.840608,23,17990.327412
75.87794,81,17991.074067
529.966571,435,17994.677679
253.365892,248,17996.705624
80.136332,92,17997.455657
149.774093,103,17998.17703
955.23764,665,18003.183008
249.097119,257,18004.904981
360.82058,214,18006.348937
256.556071,170,18007.490319
56.859853,57,18007.876297
31.337535,33,18008.094483
278.02102,195,18009.398179
74.972002,83,18009.961724
113.64884,103,18010.642895
-0.781658,10,18010.710564
300.597856,241,18012.321222
107.386612,90,18012.989766
104.281702,101,18013.805048
47.761636,42,18014.167361
30.245446,37,18014.492686
57.051423,48,18014.914782
72.472711,109,18015.874546
229.169768,217,18017.782395
243.078257,205,18056.178268
275.636114,306,18059.094508
114.443029,72,18059.766925
254.751628,238,18061.782309
55.937492,65,18062.306501
10.990091,27,18062.520792
305.411307,270,18064.705776
174.42427,147,18065.747423
189.788261,171,18066.961434
499.840327,354,18069.517366
93.898178,72,18069.985388
158.421834,174,18071.130766
298.891644,262,18072.891326
936.395637,601,18076.833057
169.692657,88,18077.406313
204.113822,145,18078.353389
356.291579,248,18080.006689
1105.816318,747,18086.436976
343.768066,288,18125.385198
200.864243,173,18127.020628
259.034114,158,18128.429219
20.36683,33,18128.719249
604.388398,444,18132.243773
77.092855,51,18132.58194
19.406276,48,18132.925618
209.212396,167,18134.259104
331.382828,320,18136.700511
106.529975,97,18137.341364
150.063577,92,18137.961576
97.299444,84,18138.521433
120.964852,131,18139.396195
241.267093,247,18142.466523
180.779643,176,18143.651226
806.470256,495,18146.939036
92.549603,94,18147.563042
-1.75604,15,18147.673234
182.552764,158,18148.960796
74.459001,55,18149.373252
325.222685,216,18151.150967
661.096041,470,18155.049211
945.876213,736,18197.198745
240.136856,161,18198.487298
67.994987,75,18199.081569
146.416952,1000,18206.85904
348.698995,237,18208.32579
265.76765,207,18209.585371
193.117691,164,18210.591902
273.821326,148,18211.498417
365.031172,277,18213.350734
76.369374,61,18213.728517
217.210036,124,18214.542466
426.796553,278,18216.663501
161.716446,146,18217.829508
480.560506,490,18221.630737
150.939802,141,18259.136592
58.582127,36,18259.473106
339.201204,190,18261.282692
201.306625,150,18262.68055
490.289986,257,18264.921556
-6.662589,10,18265.00884
8.153789,41,18265.367023
478.906602,440,18268.890079
709.215362,393,18271.97576
998.582873,634,18276.35369
43.000695,66,18276.805708
94.992604,90,18277.413135
162.18762,114,18278.174986
275.021284,194,18279.479791
309.646624,250,18281.134473
203.787997,139,18282.052984
768.871962,504,18285.921748
1219.845731,704,18327.459996
584.753259,450,18331.758778
26.867374,26,18332.000636
340.339192,224,18333.896
652.141629,364,18336.914699
240.386115,227,18338.750522
257.832473,176,18340.187135
333.59481,231,18341.834734
137.931553,110,18342.565049
807.29573,675,18347.033809
188.705892,144,18347.999675
157.111736,213,18349.411387
17.439234,47,18349.791162
130.462436,125,18350.806501
627.659655,360,18353.725839
420.393269,366,18356.71679
140.728284,162,18358.049808
814.069937,507,18398.249485
294.050791,228,18400.513736
215.387098,137,18401.850823
41.037498,52,18402.334477
1711.694028,1000,18410.249035
240.284077,130,18411.111502
486.850564,280,18412.972394
195.693152,156,18414.009341
247.222961,161,18415.080695
954.288006,514,18418.971323
714.628288,397,18422.203442
-4.721547,9,18422.277375
76.94551,99,18423.0835
92.218913,77,18423.710645
88.536883,75,18424.320295
106.201385,77,18424.947863
29.857138,40,18425.274579
855.230954,703,18466.55948
288.056895,167,18468.200418
241.828752,145,18469.582489
30.164133,33,18469.886218
210.800816,192,18471.62964
189.367955,113,18472.620966
46.029817,54,18473.065856
140.068844,85,18473.793562
7.202752,18,18473.935439
387.510328,207,18475.475231
26.392916,48,18475.86801
96.983183,56,18476.326097
559.677895,419,18479.177249
352.960844,307,18481.253819
362.391823,186,18482.495414
296.937813,239,18484.294456
102.951234,126,18485.325022
52.693671,49,18485.726059
633.904513,509,18489.811301
386.387064,237,18491.732103
290.586428,171,18492.973955
383.243229,226,18494.481152
306.25401,235,18531.219599
69.017511,58,18531.829948
285.398602,264,18534.490845
1298.949744,809,18541.988402
1700.462305,954,18548.863185
704.342708,421,18552.105277
57.624761,55,18552.552771
63.699097,54,18552.996816
61.267554,74,18553.573462
571.623852,326,18556.001266
74.637966,74,18556.594364
256.665491,127,18557.613041
276.991519,270,18559.730024
96.00023,86,18560.308881
1446.301624,1000,18603.161843
748.429723,394,18606.945024
49.591399,46,18607.381189
60.391386,86,18608.175004
260.799224,222,18610.194202
233.182189,142,18611.298835
774.524616,652,18615.826533
378.847493,289,18618.080827
215.895861,175,18619.507977
164.721058,158,18620.799266
154.572926,114,18621.721706
856.724011,513,18625.919739
176.351823,186,18627.232905
110.300471,96,18627.882136
566.491181,328,18663.600407
641.168497,427,18667.853579
267.674308,198,18669.850842
23.86423,41,18670.262128
67.890874,39,18670.650395
226.05524,118,18671.827414
1362.164567,1000,18680.893935
135.09038,121,18681.830453
453.064104,290,18683.900591
575.131229,354,18686.783808
-4.98938,10,18686.866213
217.094361,149,18688.062779
980.419842,768,18693.968118
70.658873,79,18694.478812
1160.294177,641,18731.429976
22.939765,24,18731.667397
216.842892,131,18732.945609
307.965488,225,18735.233076
309.996617,200,18737.245437
146.116153,120,18738.478211
619.657581,383,18742.350658
576.607439,379,18746.09797
362.027447,276,18748.478509
251.196539,172,18749.865387
1603.665514,1000,18757.955957
974.064715,541,18761.972558
13.287934,19,18762.096931
348.621093,173,18763.23692
439.518,267,18765.031715
22.39323,26,18765.2009
150.085625,119,18798.034982
-13.880817,22,18798.2617
115.611327,89,18799.170066
1479.841264,839,18807.726526
170.556855,175,18809.457768
1299.211405,1000,18818.82593
125.29253,182,18820.291287
241.163176,183,18821.749215
516.773635,332,18824.348634
1046.445415,1000,18831.595688
613.273555,574,18867.707102
444.604944,325,18870.959969
162.73215,129,18872.222076
203.920236,132,18873.55729
52.962568,47,18874.038005
428.938176,231,18876.38453
50.58903,42,18876.790706
45.051671,42,18877.193101
208.032095,144,18878.612503
92.356432,83,18879.412827
362.759594,206,18881.397637
20.337742,29,18881.690949
256.556777,199,18883.665048
34.204261,77,18884.40881
29.384329,30,18884.711021
61.137676,55,18885.231522
114.793867,106,18886.149508
58.731206,46,18886.548442
136.733171,125,18887.575415
126.291203,93,18888.320072
476.760811,297,18890.669903
224.489368,135,18891.706667
1220.264821,1000,18898.802502
726.666314,407,18932.464103
248.607388,180,18934.320935
215.447799,136,18935.698661
687.411904,653,18942.353947
176.534329,121,18943.573308
43.889376,43,18944.012739
188.617082,141,18945.385454
276.28332,814,18953.450439
147.10159,134,18954.657831
319.802367,302,18957.13956
105.875143,74,18957.731657
27.193454,32,18957.990407
420.274738,276,18966.796819
872.591349,693,18971.358252
124.81138,61,18971.773697
179.350028,96,18972.406775
259.209369,170,19004.764584
68.296523,58,19005.356775
315.733639,163,19007.0404
401.423785,266,19009.714363
659.914487,507,19014.850188
49.798799,47,19015.354102
64.657113,63,19016.014413
77.548903,76,19016.811935
52.52961,72,19017.558827
185.6035,130,19018.846798
554.981684,290,19021.640699
166.628599,133,19022.861324
99.520779,57,19023.381823
22.375792,33,19023.666126
58.953995,80,19024.36746
210.433752,133,19025.528372
152.597575,104,19026.436862
391.306992,271,19028.814158
369.180069,180,19030.383366
140.295043,145,19031.585352
61.677828,49,19031.986048
109.012363,81,19032.648
256.811198,204,19034.23172
173.594614,152,19035.329599
334.705095,311,19037.41661
33.635583,31,19037.622902
1106.258043,570,19071.124729
240.968696,182,19072.986136
135.253111,93,19073.93242
292.486261,243,19076.444633
42.107124,87,19077.284111
21.051841,37,19077.669367
122.511975,157,19079.274338
-2.246741,12,19079.388842
65.831513,50,19079.911384
1691.772323,1000,19089.919899
386.336613,282,19092.624357
61.84556,50,19093.105828
1615.953766,1000,19101.629445
192.143141,117,19102.524111
391.547862,219,19103.954188
18.74448,53,19104.312833
189.755224,97,19104.961265
438.694912,253,19135.009771
27.058022,30,19135.296849
730.426008,647,19141.866492
771.47818,496,19146.813885
493.333508,245,19149.336109
973.727478,535,19154.820914
195.64863,125,19156.12089
193.872455,93,19157.083143
119.500455,84,19157.955068
13.831211,23,19158.177845
202.483596,88,19159.006011
9.76533,35,19159.332984
1005.871527,690,19165.802142
519.101753,326,19168.452325
578.956153,336,19170.984171
80.121084,87,19171.573238
223.469584,148,19172.551206
213.183514,187,19201.621661
123.896514,99,19202.597324
218.543916,193,19204.528388
179.427947,117,19205.732872
159.595463,114,19206.919036
730.394949,518,19211.992414
119.382174,93,19212.942397
232.316448,203,19215.023334
174.337468,160,19216.631672
378.484632,251,19219.222456
21.801047,27,19219.493518
73.040144,76,19220.261631
16.251356,24,19220.505909
1604.911039,1000,19230.620239
415.72179,300,19233.44883
6.201991,40,19233.802658
141.914394,106,19234.728437
204.607753,130,19235.758499
356.355174,325,19238.291312
119.134505,102,19238.951424
625.412077,344,19268.386121
224.077481,166,19269.908879
105.908247,82,19270.661461
370.516175,268,19273.344584
334.667508,203,19275.324084
237.902519,168,19277.006175
118.468431,130,19278.30453
835.953986,437,19282.677859
1665.730294,1000,19292.848299
1227.39177,717,19299.703317
546.120178,399,19303.356284
291.80554,203,19304.97332
320.172611,267,19333.763795
165.448354,98,19334.641044
68.744792,46,19335.078805
59.003942,53,19335.577578
52.093583,56,19336.116107
666.595616,430,19340.369947
104.506782,65,19340.991995
748.931331,504,19345.874901
997.126344,1000,19356.064039
606.921247,324,19359.399594
403.11597,494,19364.421681
394.194982,335,19367.740284
46.153323,32,19368.05422
508.417538,315,19370.969509
65.334021,56,19371.442896
636.832069,532,19402.226913
184.819346,133,19403.375413
874.928544,568,19408.670202
33.493095,23,19408.910305
463.908474,294,19411.785806
29.847271,33,19412.093153
345.272033,230,19414.301141
16.631166,21,19414.508384
190.631147,137,19415.946759
170.824156,106,19417.048238
112.96961,143,19418.521831
447.908298,232,19420.936331
107.096557,106,19422.028731
887.883302,625,19428.476391
349.333483,239,19430.920199
1525.427555,831,19465.826461
29.674618,36,19466.066336
44.964834,45,19466.371585
185.429221,110,19467.121383
148.890103,91,19467.870459
142.092957,89,19468.604931
55.689431,49,19469.006912
-3.021019,17,19469.145945
1256.53015,1000,19477.707396
51.822345,37,19478.072616
574.364356,353,19481.483717
1158.117309,640,19487.999347
321.463225,153,19489.586161
531.288695,312,19492.851456
225.590762,187,19494.812569
88.774435,62,19495.450212
-8.483914,13,19495.584043
232.826048,147,19497.103817
237.919712,220,19499.351193
254.581899,165,19500.970241
231.933115,171,19502.646545
33.900532,27,19502.900674
47.821617,39,19503.26524
122.718627,111,19532.557518
67.285176,89,19533.147366
366.627369,431,19536.1231
347.746912,301,19538.466657
396.733824,227,19540.069445
777.142445,438,19543.704897
537.868526,326,19546.965919
21.569047,66,19547.58612
360.681286,206,19549.593441
92.003261,72,19550.307036
1357.445912,794,19558.514859
117.16632,92,19559.474827
76.581133,53,19560.030312
855.907694,571,19565.993602
296.046208,164,19567.692437
577.517748,376,19600.703762
72.066216,42,19600.985615
919.861042,474,19604.024742
680.457434,462,19607.101944
739.69195,487,19610.866012
201.309751,116,19611.991971
852.271729,494,19616.833116
180.514303,143,19618.242418
164.086942,104,19619.299347
1029.879388,923,19628.812292
565.62033,356,19632.484771
762.702099,629,19668.431953
391.741359,368,19670.77036
31.54348,24,19670.909404
338.997899,256,19672.458094
494.54139,288,19674.447189
133.668789,112,19675.200222
31.375499,117,19675.97487
411.705347,232,19677.702382
327.508383,196,19679.383309
964.659479,1000,19689.324015
108.409039,61,19689.964453
864.471232,502,19695.242909
222.24028,135,19696.65161
221.946049,165,19698.371258
169.253517,95,19699.375215
40.321368,31,19699.705009
1331.781373,726,19736.953719
11.644662,23,19737.08504
80.629714,55,19737.401948
568.931698,300,19739.145253
462.317159,255,19740.672899
1298.989139,940,19747.446727
103.204945,109,19748.446881
269.069518,146,19749.891155
311.251734,175,19751.580567
255.566264,157,19753.008788
397.569527,234,19755.245051
466.847309,259,19757.906484
1116.936112,563,19763.605462
64.965331,66,19764.292336
109.85412,67,19764.98439
703.365171,471,19802.626019
52.137265,53,19802.980663
89.678824,53,19803.343394
431.448174,309,19805.163739
92.829535,87,19805.662664
408.25,288,19807.338747
118.74624,72,19807.761739
-1.453332,17,19807.856452
542.046981,284,19809.58697
31.400428,33,19809.805452
417.051052,360,19812.161454
3.5191,17,19812.274096
112.521891,85,19812.917353
294.050404,182,19814.36423
1718.279674,1000,19823.383021
563.97967,322,19826.631634
574.396638,441,19831.097369
287.862944,197,19833.062732
1164.184542,643,19870.98472
955.151613,882,19876.754895
325.051948,182,19877.936111
-5.586212,17,19878.049483
79.726571,68,19878.505132
32.442708,37,19878.767897
1048.158962,575,19883.073179
0.635845,13,19883.187929
1386.637695,728,19889.9303
54.464345,66,19890.590503
145.94252,109,19891.709244
735.13746,443,19896.286205
233.186243,161,19897.962616
269.339331,232,19934.497422
448.575838,331,19936.776983
189.595412,126,19937.634032
281.921563,260,19939.39719
122.66731,81,19939.955985
535.822936,334,19942.193565
79.652552,96,19942.759418
658.897449,493,19945.817979
617.5122,436,19948.666573
69.743204,54,19949.016692
48.263182,77,19949.547478
67.357097,48,19949.94052
916.96409,473,19954.033557
38.119689,59,19954.605253
162.638671,122,19955.821668
13.414557,21,19956.024622
485.361595,234,19958.351607
200.471356,147,19959.86889
922.500042,490,19964.932383
887.651356,558,20004.02991
353.717514,278,20005.891512
95.59284,86,20006.473484
425.501222,337,20008.734563
230.79678,159,20009.734286
16.051338,19,20009.846442
1090.98856,622,20013.726361
620.843516,410,20016.492356
472.557401,1000,20025.112077
870.136386,472,20029.949469
1381.394212,699,20071.253991
297.470128,152,20072.287338
119.924178,164,20073.410675
253.494049,375,20075.952778
476.537281,275,20077.610953
40.411676,41,20077.854702
765.985397,421,20080.450979
135.180219,86,20081.030537
610.223036,373,20083.504946
672.460331,406,20086.373333
93.742696,112,20087.287837
113.182092,77,20087.93443
137.011026,104,20088.828722
309.232608,252,20091.195224
116.584568,88,20092.0262
281.387492,219,20094.160563
929.80814,675,20136.900957
644.966877,446,20139.888132
590.004035,335,20142.134506
78.835042,77,20142.658395
71.510841,121,20143.476795
467.648983,237,20144.87476
535.233716,346,20146.876687
164.405907,176,20148.037702
44.998782,39,20148.291993
910.209645,450,20151.308736
1405.547059,910,20158.513778
1651.642987,931,20204.404008
652.691408,308,20206.746417
535.546275,260,20208.596103
381.676405,326,20210.864589
93.924436,67,20211.321108
12.846128,17,20211.424471
228.829135,189,20212.523808
577.328311,404,20214.879637
693.434786,529,20218.333588
169.681696,122,20219.124108
5.567405,16,20219.229193
204.997292,125,20220.039385
17.70104,21,20220.179154
46.839718,25,20220.34446
40.434953,61,20220.74042
54.969774,88,20221.322352
21.394975,35,20221.550986
107.865261,80,20222.125601
681.655647,518,20226.542501
20.406224,36,20226.882648
683.490219,490,20231.749126
575.125851,477,20273.006108
46.304259,42,20273.287243
283.107244,142,20274.231746
135.344726,83,20274.780839
203.764788,109,20275.509913
53.721451,31,20275.722455
69.845783,69,20276.187773
2.389712,11,20276.260771
183.684238,99,20276.922857
59.779322,48,20277.244529
143.191716,81,20277.792639
102.708876,72,20278.267617
130.304561,89,20278.816995
31.361313,46,20279.082063
350.210364,308,20280.875641
94.256021,85,20281.372842
834.4829,573,20285.067057
96.402039,56,20285.447008
163.753513,138,20286.372535
213.588103,156,20287.424473
304.742945,170,20288.54162
401.370473,312,20290.688251
690.645294,522,20295.245609
856.286802,476,20299.987867
200.219546,129,20301.278991
489.108172,258,20340.474205
470.034717,259,20342.211805
344.177466,188,20343.462354
298.718704,197,20344.795477
247.868214,185,20346.009343
626.678996,360,20348.150747
265.360499,124,20348.876397
498.179644,398,20351.351513
164.319383,106,20352.052343
575.9497,363,20354.475123
56.941218,36,20354.716713
841.91767,403,20357.414295
37.981086,34,20357.641016
2083.158918,1000,20366.57473
192.842759,116,20367.762
359.83009,249,20407.696849
297.587396,160,20408.755911
231.294401,146,20409.73928
733.425942,395,20412.383097
1114.390577,674,20416.446707
248.914652,164,20417.397142
183.272657,106,20418.06703
106.744198,91,20418.665826
1461.905965,884,20424.394366
28.340697,51,20424.728232
85.805047,51,20425.063352
391.76167,216,20426.550393
2102.36663,1000,20436.058517
127.606472,102,20474.40671
61.08791,46,20474.711259
739.570714,539,20478.340837
348.03138,219,20479.81263
12.612542,23,20479.9704
172.989978,109,20480.69167
18.025276,25,20480.840014
82.277743,97,20481.408833
471.895452,274,20483.011232
758.076728,410,20485.52468
130.222272,77,20486.049448
356.838486,177,20487.237351
98.039654,62,20487.653527
740.098249,466,20490.755536
77.430657,75,20491.254735
232.525589,197,20492.577406
199.414375,165,20493.686533
38.512505,35,20493.919025
47.799677,36,20494.19354
60.800691,53,20494.60629
290.70991,216,20496.456647
13.335101,33,20496.769976
178.795219,121,20497.918833
166.924668,113,20498.993257
104.847387,79,20499.775951
89.370641,100,20500.81568
319.537494,169,20502.582386
1454.968284,1000,20547.763458
825.681276,533,20550.942822
728.282704,442,20553.737508
97.142323,91,20554.361214
52.104196,44,20554.660563
33.925843,44,20554.964047
378.109368,182,20556.177773
979.07937,611,20560.295253
1332.891553,898,20567.760764
19.934349,26,20568.031159
1.438868,11,20568.140175
136.692747,108,20569.275543
34.39028,33,20569.618423
102.034931,83,20570.481436
89.494619,78,20571.29731
84.757763,58,20571.886524
81.326402,56,20610.112055
1673.937657,846,20618.238739
571.556869,297,20619.996023
108.183375,113,20620.728542
176.328125,141,20621.662523
1.033272,20,20621.793221
166.576088,119,20622.586694
301.522109,223,20624.080667
471.6241,290,20626.02609
237.456292,169,20627.164996
266.563862,181,20628.373532
420.720265,298,20630.354709
0.300679,32,20630.583183
-9.069526,11,20630.67286
181.815253,100,20631.551158
1287.840936,794,20639.257626
410.81758,182,20641.052078
84.374431,110,20642.187948
623.751066,304,20681.743463
153.190449,111,20682.402459
244.090675,168,20683.312972
679.400068,342,20685.212594
1403.593177,706,20689.475168
85.195308,77,20689.955706
960.659681,551,20693.463336
429.298557,275,20695.299654
270.673681,196,20696.612266
550.619338,387,20699.458218
289.066522,168,20700.833844
220.007334,188,20702.443032
478.652039,338,20705.411433
262.354406,204,20707.229816
320.338328,297,20747.929832
420.119954,249,20749.679624
851.00838,484,20752.903604
161.08436,104,20753.590131
17.971516,39,20753.849675
228.476147,116,20754.621304
356.670909,228,20756.068488
167.536641,109,20756.813411
234.767242,125,20757.659011
809.486498,448,20760.675395
249.317274,164,20761.759137
240.010461,162,20762.835804
213.226831,117,20763.620455
335.236465,223,20765.07825
331.865405,164,20766.317001
1117.364757,651,20771.642131
246.563416,213,20773.497908
219.902821,110,20774.481454
465.428179,226,20776.585122
372.28651,225,20816.569866
152.613308,90,20817.175453
989.527848,494,20820.500977
411.362282,293,20822.471005
589.693315,360,20824.882316
47.349998,45,20825.170944
1790.191176,934,20831.391913
10.48148,17,20831.505608
140.038901,93,20832.141902
486.519329,271,20833.940015
192.251786,131,20834.806247
1059.116879,538,20839.03102
744.871053,592,20844.39129
730.009005,376,20885.297392
82.030115,75,20885.798089
1002.005725,474,20888.958386
68.365587,59,20889.355103
87.481371,61,20889.760447
2047.349065,1000,20896.427585
66.986478,71,20896.905751
536.148635,301,20898.911528
159.334774,112,20899.652748
1556.326471,876,20905.939667
774.669699,485,20910.017884
1806.08493,1000,20955.840913
98.771531,83,20956.396495
540.775305,352,20958.788526
202.239442,168,20959.918801
55.320091,49,20960.251537
61.780966,47,20960.565177
172.824628,110,20961.30098
810.35012,526,20964.805832
1974.694049,1000,20971.598765
254.017414,164,20972.934071
85.40057,64,20973.450713
54.338124,49,20973.848297
196.142704,129,20974.876839
59.878723,46,20975.247377
1037.333971,515,20979.841684
201.817918,156,21019.313893
208.965482,233,21020.849145
134.309048,124,21021.661527
1014.968231,746,21026.653994
95.971521,69,21027.116337
829.653937,825,21032.560958
538.741241,307,21034.594824
161.994825,140,21035.518712
273.750713,175,21036.680321
5.116968,24,21036.840529
28.163139,39,21037.103571
334.153851,210,21038.588981
229.192357,190,21040.120258
433.864139,266,21042.24641
170.792534,164,21043.575689
98.242117,66,21044.146731
219.638874,154,21045.502444
10.278092,33,21045.81743
550.046367,256,21048.2157
5.658166,37,21086.792297
489.479658,262,21088.613783
253.811448,134,21089.523354
540.610974,295,21091.548433
92.76634,90,21092.188892
361.833883,219,21093.777372
113.732777,72,21094.251732
811.006519,455,21097.235349
1525.123451,703,21101.944575
89.190219,63,21102.37262
303.879623,189,21103.638999
89.661426,44,21103.931546
342.64014,239,21105.540147
51.644917,51,21105.943326
984.297371,539,21110.204036
724.693656,508,21114.522946
813.491418,531,21157.04329
212.659275,149,21158.146809
494.770127,408,21161.32972
145.929602,116,21162.097034
601.451986,514,21165.552657
447.48043,329,21167.737731
1495.568782,747,21172.777081
525.753394,351,21175.570102
1300.083522,607,21180.569284
962.361709,472,21184.692856
741.229883,393,21225.13367
94.812939,99,21225.819564
565.293849,284,21228.077221
124.151839,101,21228.797424
718.80374,804,21234.136829
599.503222,368,21236.57567
883.212681,423,21239.392577
306.183663,267,21241.170102
371.298704,181,21242.598106
12.652825,16,21242.729607
521.806768,271,21244.796252
167.095996,119,21245.660722
103.104459,96,21246.382663
246.268881,207,21248.025313
1466.174233,781,21292.554151
780.358432,529,21296.590585
1358.607071,666,21301.036717
7.294803,23,21301.187258
165.56732,106,21301.883118
136.602842,78,21302.400563
288.973804,294,21304.365399
44.603812,38,21304.622485
124.306527,90,21305.223068
808.705683,396,21307.85703
1765.255973,1000,21315.666731
160.618977,113,21316.572988
1537.233713,1000,21362.85784
-4.921772,10,21362.941218
206.664601,106,21363.798181
92.671708,66,21364.245334
455.798405,224,21365.75181
203.181512,112,21366.493155
308.52788,211,21367.902821
649.032878,361,21370.322431
660.62647,496,21373.657033
1823.236088,1000,21381.141211
418.092199,304,21383.598734
-5.689357,11,21383.686824
95.950025,134,21384.760605
1684.455463,871,21429.699258
196.436223,108,21430.559828
91.691231,65,21431.072304
334.394847,180,21432.355108
136.85882,88,21432.935991
97.138427,74,21433.438582
443.402497,267,21435.226775
57.543788,50,21435.557161
559.212576,344,21437.949461
327.225502,201,21440.398849
294.811386,161,21441.518563
225.3342,165,21442.74895
370.629977,195,21444.129952
136.027145,68,21444.610187
275.024483,197,21446.227493
269.835568,136,21447.257269
-3.01201,53,21447.643679
43.70468,36,21447.90986
172.245446,112,21448.724388
520.529945,1000,21456.341788
136.247351,72,21457.024446
674.123714,405,21497.832844
1237.139746,609,21501.856801
384.413261,197,21503.18148
143.334732,76,21503.691507
333.184917,256,21505.481933
1327.246404,671,21510.202266
549.597453,351,21512.406388
52.811617,39,21512.705616
22.690737,41,21513.018933
131.118916,95,21513.752673
31.079653,43,21514.074005
223.512117,293,21516.466059
330.14815,161,21517.78079
282.560749,198,21519.395726
1030.436099,681,21525.15923
106.105365,84,21525.890222
219.416883,148,21563.462021
1357.354795,633,21569.011922
90.908996,54,21569.407832
86.860237,79,21569.983817
233.459894,171,21571.216157
454.457748,220,21572.666835
923.678894,572,21576.490938
374.7417,238,21578.089559
391.756242,215,21579.699177
115.677089,97,21580.491655
1098.382873,549,21584.989555
99.958568,82,21585.661854
2141.309526,1000,21593.830121
699.732432,391,21633.754308
1058.24022,530,21638.12763
119.405223,70,21638.641413
1296.274763,700,21643.400532
2111.102967,1000,21650.72375
238.113749,123,21651.724554
25.944599,46,21652.099115
1890.845838,960,21659.651459
425.466749,397,21662.991229
5.485106,12,21663.096115
53.982947,47,21663.513835
-4.975132,10,21700.088298
400.81376,217,21702.100861
898.52977,482,21706.169141
161.446451,107,21706.953887
64.718073,37,21707.194001
169.327055,125,21708.013032
281.887225,172,21709.159647
180.541027,166,21710.264225
1342.816716,767,21715.653917
246.395918,208,21717.369222
869.783841,581,21722.137926
177.412394,124,21723.155626
757.0896,350,21725.760579
21.538731,37,21726.006574
572.605175,505,21730.126526
175.740959,138,21731.33998
113.619691,132,21769.013079
87.212902,76,21769.744876
152.746577,94,21770.566842
277.674257,149,21771.8728
1553.03228,737,21777.618914
142.338304,136,21778.563895
525.663287,352,21781.026526
61.698344,43,21781.331054
764.995217,352,21784.219503
103.059981,55,21784.674437
60.195864,38,21784.987268
560.325206,1000,21792.98255
222.771688,204,21794.33401
1045.538183,564,21798.859959
378.483963,286,21838.120388
909.761984,419,21841.730969
180.096851,112,21842.69007
261.483792,258,21844.561776
1.464814,11,21844.635219
1042.873178,662,21849.342678
17.465021,29,21849.579334
74.107613,54,21850.021622
558.873862,280,21852.269744
91.304585,65,21852.791894
251.442237,143,21853.943896
64.207859,86,21854.637631
45.255196,64,21855.144866
163.334427,92,21855.870336
456.279348,246,21857.810088
388.061347,276,21859.782369
333.781018,281,21861.610754
1717.917083,1000,21906.158745
201.877666,112,21907.200287
222.001559,181,21908.820395
71.55665,70,21909.438513
913.760243,463,21913.008862
832.15973,387,21915.661636
52.50816,70,21916.237682
130.839209,102,21917.074389
165.06199,129,21918.135078
1350.530588,599,21922.871983
828.579186,473,21926.592144
187.796489,167,21927.711488
154.365676,102,21928.396539
367.935974,185,21929.635396
1099.387923,545,21933.850064
189.364147,124,21934.926391
1531.917907,835,21978.772544
17.861682,36,21979.083173
316.227377,154,21980.276898
1062.768156,590,21984.441683
53.045593,72,21984.971
61.799529,40,21985.271046
413.237795,291,21987.420603
33.702403,35,21987.708966
624.167729,320,21990.341251
290.831517,173,21991.758379
2094.614589,1000,21998.601604
53.740481,51,21998.943523
186.025752,108,21999.84483
65.590849,72,22000.48029
436.949382,302,22003.00216
168.394854,110,22003.96572
157.638185,104,22004.879055
106.945495,83,22005.608477
200.638776,121,22042.85315
17.973311,56,22043.394639
190.946151,111,22044.440753
136.432391,81,22045.149515
457.043938,224,22047.090636
202.264251,168,22048.349373
285.454755,279,22050.487147
166.110421,208,22052.150652
94.148847,52,22052.532115
169.21078,128,22053.479043
1017.352084,519,22057.717452
159.87089,140,22058.858744
85.528703,64,22059.383031
377.413787,182,22060.701527
354.48878,257,22062.446126
1008.40892,548,22066.195836
22.580622,31,22066.407487
50.726436,37,22066.656559
67.688099,45,22066.996465
88.310264,64,22067.528986
139.60917,105,22068.437444
915.827983,465,22072.504799
1804.004177,889,22116.351996
135.962012,107,22117.225995
1333.360997,673,22122.686067
221.953424,172,22124.069326
489.352837,367,22127.021084
70.51956,54,22127.41126
75.546054,71,22127.876743
60.056526,41,22128.141153
309.938345,153,22129.143891
416.227318,1000,22136.042546
1628.639119,805,22142.994587
1201.119286,633,22184.545447
482.29668,295,22186.720496
296.619338,184,22188.111198
1030.642173,487,22191.898187
609.96845,318,22194.41687
1844.200256,902,22200.483567
20.579974,41,22200.755347
214.712791,131,22201.62784
749.16266,433,22205.298965
208.230196,116,22206.312541
170.836551,163,22207.734878
203.890554,105,22208.60568
341.98943,225,22210.368419
173.400325,103,22211.217358
415.456923,356,22250.387443
106.742705,45,22250.81087
226.146969,117,22251.908
253.858192,174,22253.355591
156.623119,158,22254.62504
79.527193,81,22255.270178
1742.584379,793,22261.582736
273.19281,187,22262.819655
207.704993,134,22263.700492
413.263246,235,22265.268579
109.309831,90,22265.868699
723.829966,375,22270.000216
396.061968,379,22273.289308
209.883996,110,22274.251308
48.783341,53,22274.692658
693.769308,394,22277.933949
1732.392628,827,22321.394507
392.786963,217,22323.159222
682.254563,423,22326.722997
165.150684,84,22327.453911
1069.319428,607,22331.61613
43.520207,39,22331.863802
527.608894,290,22333.821931
473.499931,312,22335.943123
401.568459,212,22337.629819
257.673549,177,22339.114196
198.974865,92,22339.916312
50.306166,56,22340.38606
624.429497,299,22342.573512
44.356612,30,22342.763954
352.25935,189,22343.943585
139.631693,146,22344.91549
665.711364,275,22347.148939
59.184751,38,22347.459782
129.678177,93,22348.210734
221.012401,279,22387.322902
774.945564,386,22390.704931
1423.540759,731,22396.833644
1361.637949,673,22401.34341
36.814453,39,22401.603036
570.153235,263,22403.359228
57.281277,33,22403.582403
71.254446,73,22404.070743
644.418203,446,22407.536893
73.677342,49,22407.93801
669.190389,331,22410.358157
141.617186,85,22410.928203
122.175858,80,22411.461037
88.594669,43,22411.751321
-2.784323,11,22411.823866
58.912406,72,22412.337916
1041.389629,533,22416.637722
2165.774935,1000,22462.202553
1374.908327,644,22466.885447
1949.263331,930,22473.341675
74.425759,48,22473.727774
321.206254,183,22475.228244
26.174898,32,22475.489917
1454.048027,725,22480.862576
283.325402,132,22481.918957
89.315737,65,22482.442076
1078.020875,530,22523.23395
556.46903,339,22526.349102
824.289178,456,22530.325109
744.338232,446,22533.542234
181.498071,123,22534.357713
1262.899096,701,22539.013264
513.253637,281,22541.313876
282.432896,168,22542.690308
96.281157,53,22543.123715
98.59252,59,22543.607583
160.406721,131,22544.683562
1675.290687,822,22550.463235
157.642624,124,22551.357963
167.950072,165,22552.549226
1059.805721,507,22593.520954
1734.382525,1000,22601.427425
374.681577,237,22603.032309
175.75322,139,22603.971166
27.49001,44,22604.272659
251.008394,137,22605.197165
701.143391,419,22608.48552
188.908853,91,22609.231585
1649.720651,817,22615.379216
170.163202,94,22616.007506
70.989184,66,22616.492433
149.343547,108,22617.37571
1090.969626,489,22621.299422
658.51008,532,22662.661284
178.72355,143,22663.908311
754.346695,460,22667.736419
147.934843,76,22668.245042
158.099835,80,22668.779689
1900.75725,976,22675.87494
-11.670674,12,22675.973049
75.512883,48,22676.359898
267.623529,201,22678.016722
62.867092,41,22678.352316
206.601232,119,22679.335241
168.444291,115,22680.271157
401.077329,375,22682.823726
114.221593,93,22683.443671
72.597755,91,22684.057055
134.682598,98,22684.778911
142.346039,116,22685.694206
45.629408,42,22686.03474
4.024762,16,22686.156757
117.379638,75,22686.754167
97.081684,115,22687.649738
131.318897,83,22688.2781
701.467614,364,22727.642387
125.80857,76,22728.37125
468.288101,238,22730.61542
367.244325,274,22733.015991
34.017079,40,22733.363537
476.760447,279,22735.633497
119.930139,94,22736.255075
59.359464,46,22736.571167
126.170785,71,22737.047575
273.828867,146,22738.027912
48.25325,40,22738.29505
164.197249,78,22738.808415
15.061292,23,22738.959796
82.497038,51,22739.296859
2095.184001,1000,22747.325498
245.258768,159,22748.495943
199.76675,127,22749.33249
2069.433902,1000,22756.740713
107.630256,63,22757.243882
89.555116,57,22757.711681
-1.312873,14,22757.825042
156.56855,105,22758.651012
1287.927761,622,22800.804885
318.457177,185,22802.427912
232.800274,117,22803.411445
1155.215249,692,22808.380677
166.179348,125,22809.394453
1380.979278,671,22814.875873
430.398529,249,22816.638
66.206195,44,22816.929787
51.379042,44,22817.229147
230.372812,175,22818.388228
87.960748,58,22818.778662
747.494878,454,22822.225922
1093.329088,532,22826.561825
1652.289584,873,22871.119482
219.53414,130,22872.198672
72.688843,52,22872.555389
328.286159,212,22874.1394
447.135442,317,22876.646893
103.114855,78,22877.274853
291.44471,207,22878.93214
255.567315,169,22880.2845
136.473372,88,22880.98726
305.584833,220,22882.744424
214.537293,120,22883.567967
517.115228,263,22885.340684
511.238776,279,22887.22939
865.831707,527,22891.331368
159.43095,145,22892.518686
234.956171,152,22893.764142
776.570213,366,22896.699082
910.96848,438,22936.889708
25.540733,41,22937.238519
299.144282,219,22939.165711
279.990743,143,22940.394567
282.198138,142,22941.565958
302.732585,178,22943.031514
232.278743,104,22943.887356
2115.577456,1000,22951.747805
74.344355,73,22952.245618
1456.548046,752,22957.700345
548.414178,326,22960.390468
761.501078,351,22963.260017
162.620676,126,22964.300079
946.440476,446,23004.289329
341.810122,206,23006.16283
1292.783877,759,23012.663004
289.603883,206,23014.32382
1039.914958,581,23018.866789
967.816881,452,23021.949203
554.773532,277,23024.011306
274.185878,191,23025.580911
171.929151,97,23026.376594
289.335465,125,23027.403028
203.000351,112,23028.313726
1262.694719,633,23033.389866
1333.641422,833,23076.791048
976.891503,461,23080.634751
88.635731,78,23081.249296
215.406018,204,23082.851517
115.449008,137,23083.933499
180.919247,89,23084.642983
70.345261,43,23084.988474
70.962212,40,23085.290532
197.195233,123,23086.199089
7.858422,19,23086.322526
115.568784,101,23086.974876
59.970711,59,23087.362653
452.638671,227,23088.863538
232.882219,146,23089.828347
391.885805,228,23091.609525
1628.572046,772,23107.271093
1001.019562,468,23111.467219
285.71541,155,23112.893755
927.899773,453,23153.454155
504.100277,244,23155.15667
1083.08294,555,23158.580095
233.330077,154,23159.557676
41.938775,37,23159.810696
176.482103,98,23160.46237
223.903598,148,23161.44886
816.242413,708,23166.228984
87.645866,67,23166.6382
0.283274,9,23166.696441
662.812069,328,23168.785776
708.895109,378,23171.298998
608.214659,421,23174.316814
709.083137,433,23178.121681
757.760096,509,23219.543357
312.704015,149,23220.725445
80.325102,62,23221.141258
621.559464,316,23223.243632
290.801649,186,23224.497225
76.274136,77,23225.010114
1489.978047,654,23229.420048
1935.539173,1000,23237.122099
260.091779,150,23238.333555
605.993671,262,23240.43866
1038.745452,534,23244.716729
1127.199544,544,23285.418006
720.319862,534,23289.791301
247.652344,139,23290.930403
55.695779,29,23291.168811
218.85831,139,23292.308618
32.507424,33,23292.579053
359.518013,220,23294.34857
262.293954,192,23295.852294
103.402095,70,23296.330861
40.357674,59,23296.729246
100.026231,55,23297.100655
208.101954,107,23297.823277
64.970747,61,23298.236953
1022.243126,499,23302.055833
516.810551,290,23304.406273
2086.989628,961,23311.619295
278.162216,162,23313.03321
1775.894297,826,23356.904761
304.457798,155,23358.164332
45.117496,39,23358.484077
359.175768,209,23360.204617
1020.325478,476,23364.026793
1682.43227,808,23369.965733
323.201915,164,23371.309862
220.776877,165,23372.643907
18.831853,26,23372.8572
365.457273,256,23374.848767
318.888259,193,23376.140558
1260.675564,530,23379.862885
185.157853,99,23380.728589
1603.575588,795,23424.040249
1484.92895,655,23429.27779
9.550907,16,23429.409535
215.651591,165,23430.764095
52.535675,77,23431.383239
2059.562735,1000,23439.081035
-20.70948,46,23439.451927
704.027085,333,23442.025134
221.55194,155,23443.053752
185.912378,159,23444.104345
1391.463719,678,23449.085147
301.398701,210,23450.920176
1223.298525,523,23492.105132
297.319206,178,23493.542237
40.364792,33,23493.814046
393.534083,166,23495.181182
1202.466538,646,23500.321538
71.728744,74,23500.819858
161.932481,100,23501.564232
81.716952,64,23502.090358
218.057109,116,23503.032096
187.924896,147,23504.234532
1795.804449,1000,23511.524676
71.581384,60,23511.928399
648.709732,327,23514.103946
972.19183,415,23517.366559
1441.873678,666,23559.791978
588.904804,361,23562.749157
210.9128,157,23564.03998
33.083256,40,23564.368133
41.487809,31,23564.623647
367.328236,331,23567.326337
1326.183056,632,23572.083384
518.42563,307,23574.515271
102.890088,83,23575.167186
57.593672,72,23575.688187
1073.160774,460,23578.729882
200.27956,151,23579.742383
133.328921,73,23580.22339
156.74616,115,23580.994763
257.413034,136,23581.89632
552.363216,280,23583.916715
2141.185796,1000,23629.132997
130.281535,94,23629.895444
38.826946,40,23630.22214
71.093384,50,23630.623713
495.347848,249,23632.660623
1608.092663,657,23637.970632
594.937648,313,23640.502138
279.341889,212,23642.235499
475.921613,330,23644.472667
581.558534,245,23646.112429
100.342664,79,23646.638279
944.166559,436,23649.544351
305.6914,152,23650.54259
293.748662,192,23651.970075
126.907602,51,23652.373304
463.79951,252,23654.567045
4.593689,23,23654.7701
487.716451,269,23657.11906
53.723459,48,23657.551601
353.818175,170,23659.160509
800.644054,365,23698.270647
1024.042164,558,23702.832036
1611.041519,705,23708.607338
448.819151,295,23710.801438
316.327092,239,23712.402374
571.549614,280,23714.269925
334.217518,170,23715.401261
285.821268,149,23716.38849
812.721467,347,23718.787923
107.048215,62,23719.299153
688.496251,373,23722.361251
654.345208,329,23725.273731
2347.789366,1000,23769.906401
98.6751,70,23770.523648
929.18336,468,23774.270368
88.433704,55,23774.690701
399.669719,204,23776.309074
87.485244,78,23776.918432
98.373734,72,23777.39453
52.755824,69,23777.86538
1233.129093,720,23782.685791
454.617811,322,23784.832437
1156.548352,861,23791.974405
-0.23249,22,23792.189434
915.630614,649,23834.242425
185.293926,102,23835.077653
864.360018,461,23839.039422
82.413113,57,23839.539432
590.26275,337,23842.149766
73.19774,36,23842.416281
1003.480699,492,23845.934757
29.362839,31,23846.141427
196.149916,117,23846.920025
1312.852282,627,23851.136121
-2.166103,10,23851.203068
159.716508,167,23852.313637
42.560662,52,23852.656757
38.427337,65,23853.092143
451.066218,287,23855.390253
932.931482,624,23860.820271
282.472129,159,23862.220708
178.419576,136,23863.376844
748.0412,390,23902.867615
4.150413,21,23903.051832
832.602095,438,23906.915743
57.500571,32,23907.197562
128.456918,91,23907.94782
701.665242,309,23910.46277
165.598915,91,23911.213484
218.754998,127,23912.263669
125.108927,122,23913.190836
422.247789,279,23915.030685
533.108667,352,23917.393016
126.116332,93,23918.022027
232.896782,139,23918.957605
133.081568,91,23919.571066
206.356754,113,23920.381282
153.003316,97,23921.169952
49.177582,51,23921.587551
59.718881,43,23921.938808
487.099784,241,23924.009097
46.477558,38,23924.342385
118.28089,83,23925.069069
198.388769,133,23926.232518
858.798974,381,23929.516496
150.582338,87,23930.274743
80.322673,72,23930.907762
626.471364,273,23933.298034
32.831871,31,23933.597894
216.710933,155,23977.222609
1995.629594,884,23983.359027
1565.509701,768,23988.387196
288.407817,198,23989.857982
96.781304,73,23990.400587
244.11187,181,23991.732523
1254.373507,652,23996.703151
289.661072,152,23998.08953
1472.557477,669,24003.673496
159.724144,86,24004.435925
1786.016095,814,24046.586577
152.69948,96,24047.357779
66.55719,73,24047.902307
118.846973,88,24048.558736
777.706377,558,24052.175593
200.265126,167,24053.202765
450.483062,236,24054.768008
34.79046,50,24055.101936
84.075295,64,24055.53753
172.620628,119,24056.333257
30.479415,30,24056.536405
287.108048,156,24057.817849
63.31843,55,24058.269039
2155.480962,1000,24066.745816
2318.172489,1000,24110.992822
346.618836,313,24113.644273
-5.332217,7,24113.698079
1856.149781,1000,24121.600307
981.155595,481,24124.943676
19.910799,51,24125.362927
556.600884,303,24127.843971
334.512507,204,24129.512535
675.484199,510,24133.954848
398.191444,179,24135.465952
344.971689,234,24137.386487
318.814311,247,24139.446645
343.362923,328,24142.332369
306.294194,219,24179.087354
942.485755,428,24182.699365
2009.706129,1000,24190.626769
288.529363,177,24191.907818
445.438935,324,24194.286988
7.863347,16,24194.407491
103.78382,91,24195.08476
-3.146226,12,24195.179494
658.18078,401,24198.218923
38.640734,39,24198.558214
58.830221,66,24199.131409
855.462775,460,24202.932173
620.390992,374,24206.01205
488.164333,209,24207.833535
14.742481,43,24208.206724
340.211723,332,24211.103061
1008.031055,537,24250.40326
595.778109,287,24252.925684
75.247789,91,24253.678735
-1.567788,9,24253.752453
378.33033,199,24255.354242
974.588042,547,24259.498852
70.409732,84,24260.189246
511.734014,1000,24268.469978
494.222595,533,24272.707741
101.376554,103,24273.542397
940.017416,405,24277.050521
1225.414376,606,24317.111235
477.599102,229,24319.105792
61.172933,42,24319.469652
785.299648,342,24322.291102
180.799896,91,24323.02777
56.836234,115,24323.974305
13.795198,22,24324.155623
1680.282328,799,24330.700969
44.251225,39,24331.021803
193.112709,137,24332.146823
585.504717,302,24334.723873
370.790945,286,24337.080633
1500.816102,693,24342.782438
8.321519,20,24342.950062
834.36352,378,24346.164653
282.348574,134,24347.341264
549.884871,324,24384.508358
651.239449,412,24388.134161
1352.338809,612,24393.350316
427.39105,185,24394.85184
812.278377,354,24397.635881
584.496237,280,24399.831978
57.017578,47,24400.217139
1219.848198,635,24405.489777
176.841023,124,24406.508963
89.978758,63,24407.024697
576.26673,259,24409.127302
747.092447,365,24412.16749
373.988645,291,24414.598619
166.877311,95,24415.430654
224.608904,134,24416.602053
786.937226,396,24454.61343
10.069742,25,24454.832443
1828.34896,1000,24463.506562
-0.055332,23,24463.698353
940.43098,627,24468.822459
255.761541,169,24470.207216
202.559287,126,24471.233315
126.566984,52,24471.658972
1178.275992,580,24476.382807
285.365572,176,24477.821197
315.18277,221,24479.611207
26.509083,39,24479.952599
139.814224,98,24480.812325
1147.660587,729,24520.920845
624.723489,404,24524.476281
589.947629,833,24531.674564
377.434376,221,24533.476284
564.845193,238,24535.374435
1004.458238,472,24539.087159
71.325249,40,24539.407588
856.742917,477,24543.250486
67.807111,47,24543.635505
368.275906,300,24546.06963
168.17728,88,24546.789229
668.163327,344,24549.797995
351.836527,172,24551.224334
640.240225,328,24553.910891
29.434661,51,24554.324504
62.93984,42,24588.771832
-2.174377,11,24588.872577
246.017329,97,24589.734907
137.245928,120,24590.830802
316.818588,143,24592.156662
28.130362,48,24592.61723
43.654119,73,24593.29153
38.803479,44,24593.705464
1483.601747,684,24599.699228
23.260581,33,24599.960758
82.298434,57,24600.422068
200.222046,180,24601.857642
387.358304,272,24604.173498
286.450104,150,24605.411816
89.986475,54,24605.850677
1248.582878,590,24610.513513
1885.459435,953,24618.427974
475.587657,591,24657.082451
236.842485,145,24658.439016
421.875053,219,24660.360468
20.034688,22,24660.572591
1109.263836,496,24665.179955
20.499947,35,24665.486553
12.307301,13,24665.601133
575.546647,464,24669.315638
-2.866369,18,24669.451546
988.895801,453,24673.338098
165.186753,89,24674.061546
41.707084,34,24674.340063
57.301664,43,24674.691164
1871.603919,784,24681.095304
645.566667,315,24683.749098
746.585158,363,24686.719232
354.414164,257,24688.803772
16.37736,41,24689.140353
14.208727,34,24689.415082
187.241047,112,24690.246282
167.40095,124,24691.245704
244.381013,184,24726.845339
1531.307718,976,24735.625916
2108.928854,1000,24743.931289
608.843971,261,24745.980961
422.702631,195,24747.527784
361.62025,199,24749.1383
43.992465,45,24749.503964
448.644034,197,24751.14851
47.259298,59,24751.606073
782.957311,542,24755.807406
137.420444,95,24756.561646
1027.47848,420,24793.439041
167.006513,100,24794.371272
126.792642,110,24795.412172
2154.770821,1000,24805.985753
623.524531,395,24809.158025
470.483191,209,24810.837357
79.977569,36,24811.128632
273.751829,205,24812.784106
164.039408,80,24813.423585
352.470292,190,24814.989441
13.486855,21,24815.177296
517.532089,218,24817.12377
204.864539,101,24817.999373
1878.910047,896,24824.872412
413.992624,284,24827.128294
2303.275741,1000,24868.31556
357.003205,157,24869.60597
47.255525,56,24870.048428
580.725236,406,24873.403683
205.184913,151,24874.714271
1462.349536,704,24880.728585
257.246513,186,24882.355137
97.356628,68,24882.948819
294.015284,151,24884.328418
1615.396892,929,24892.078762
63.003009,34,24892.350399
626.206787,284,24894.609262
64.297827,43,24894.952969
101.552151,85,24895.630484
1485.148786,780,24935.676851
281.62829,168,24937.188216
49.250523,74,24937.835649
624.368236,270,24940.195328
431.659878,180,24941.774433
2107.502609,1000,24950.354637
254.56485,129,24951.519367
204.586295,86,24952.222629
2267.994445,1000,24960.441714
663.36336,318,24962.983258
1695.235292,716,25001.031893
1044.928627,466,25005.337925
234.742334,178,25006.933744
820.769896,375,25010.201573
69.304774,56,25010.690914
340.781071,150,25011.976043
335.904555,252,25014.165209
6.359707,18,25014.326458
192.928291,126,25015.423846
856.846963,639,25021.168813
4.315293,26,25021.395046
383.794207,159,25022.765817
2304.443218,1000,25030.683464
1109.754018,516,25066.502547
370.393412,417,25070.3622
202.670759,152,25071.775184
132.767004,115,25072.854187
183.441021,131,25074.098652
408.291965,241,25076.171511
21.360568,39,25076.511058
191.711491,164,25077.938663
1222.363313,543,25082.672336
163.78752,103,25083.603858
1849.804764,806,25090.822968
-0.275134,33,25091.094356
2379.187299,1000,25129.703731
432.742312,214,25131.764754
621.617001,432,25135.915871
211.472262,193,25137.711779
132.734248,86,25138.538043
2273.823939,1000,25147.573265
372.245541,240,25149.696368
857.800913,396,25153.487165
2253.976578,1000,25161.948427
146.760621,74,25162.552052
86.988179,42,25162.893815
923.220972,362,25195.812593
599.692618,253,25198.258597
393.796557,236,25200.521538
2341.104368,1000,25210.002676
241.076052,141,25211.281549
130.94587,80,25211.979237
1465.256651,958,25220.739504
253.648078,175,25222.361166
447.83922,242,25224.482887
1047.422421,519,25228.786525
124.389431,103,25229.63154
474.246677,282,25231.933773
11.620277,20,25232.098476
472.813134,245,25263.748473
198.009092,166,25265.361677
923.621688,420,25269.414697
33.014322,35,25269.749569
1340.209501,629,25275.670992
297.604865,208,25277.650061
1137.373926,516,25282.252058
796.356837,401,25286.028454
257.336368,183,25287.731382
654.943303,261,25290.162135
263.713731,177,25291.641207
268.57652,169,25293.073001
112.600163,88,25293.824479
2334.595117,1000,25331.505989
1001.267869,439,25335.745901
1235.221812,531,25340.883816
296.101858,171,25342.501986
685.841923,302,25345.46175
642.645912,331,25348.60997
43.339763,34,25348.922323
790.068218,343,25352.189952
402.388623,190,25353.8884
565.020505,289,25356.659402
224.272293,138,25357.924581
44.393273,49,25358.354779
729.156094,452,25362.207719
56.842443,75,25362.824163
67.045252,60,25363.315097
169.937075,129,25364.369909
20.900415,44,25364.729162
524.958905,207,25395.211132
873.786541,517,25400.224506
714.126723,523,25405.354053
2462.513997,1000,25415.118708
323.803198,217,25417.169856
182.334776,92,25418.027694
161.906526,108,25419.066815
532.368816,242,25421.393073
480.161784,221,25423.498439
154.616323,93,25424.396228
290.317849,150,25425.768945
210.683904,124,25426.859324
328.712656,177,25428.410102
757.309932,504,25432.516496
2236.74749,1000,25471.108813
370.409279,173,25472.727857
234.534165,195,25474.702474
167.453211,89,25475.56415
154.211869,103,25476.571981
431.047863,238,25478.935286
433.943787,228,25481.143891
55.198155,32,25481.464982
411.775539,279,25484.249909
166.067864,88,25485.095259
888.135524,387,25488.805996
199.155728,128,25490.036806
1846.036514,835,25497.389731
96.510827,59,25497.867418
732.778888,298,25500.280656
-18.855992,75,25529.022015
445.259081,236,25531.241562
87.757369,62,25531.83524
159.649718,94,25532.71086
2278.828724,982,25542.126189
1065.186444,437,25546.512975
54.943018,40,25546.896047
114.389996,140,25548.349373
4.746046,16,25548.510949
155.26142,125,25549.764901
500.668737,245,25552.271116
385.796019,171,25553.859569
129.886805,88,25554.643256
200.307321,136,25555.952378
1314.838541,641,25561.959633
791.918396,578,25566.797245
124.10563,58,25595.218538
162.084605,131,25596.406261
212.655869,133,25597.637525
1200.046043,530,25602.825433
253.931914,115,25603.917249
105.578253,75,25604.61546
634.807798,292,25607.362658
1680.784235,713,25617.118313
282.686392,132,25618.454271
392.243501,273,25621.103646
327.883793,202,25622.962066
198.024679,123,25624.071509
476.388318,216,25626.001987
995.284724,531,25630.591309
567.842489,239,25632.541535
1766.300261,865,25667.599394
174.799521,77,25668.310333
909.426579,390,25672.010498
387.443756,181,25673.658223
223.919586,186,25675.406287
411.633295,262,25677.806236
490.261273,208,25679.722474
799.523384,396,25683.476182
97.462776,58,25684.010056
370.542119,211,25686.001739
2261.433482,1000,25695.059559
654.592327,397,25698.619055
2495.841322,1000,25736.159145
185.965013,167,25737.718507
440.515724,222,25739.742997
775.558734,466,25743.966369
77.119506,66,25744.553203
122.063635,91,25745.412277
50.142946,49,25745.882857
256.040336,150,25747.297973
184.665227,97,25748.19934
735.092692,345,25751.42711
570.793012,445,25755.586483
422.440661,268,25758.124485
213.52102,109,25759.116007
0.483366,10,25759.209958
735.146311,377,25762.703839
859.541617,465,25766.857778
122.355129,63,25795.584156
47.354826,30,25795.850965
427.553546,190,25797.529001
449.05304,280,25799.961418
713.545681,306,25802.777225
1500.719671,672,25808.848538
63.112807,63,25809.41009
382.022558,224,25811.448137
1616.131063,740,25818.282567
850.673343,380,25821.985885
155.981442,98,25822.977339
6.215023,20,25823.172672
586.712742,272,25825.825277
218.733047,126,25827.018032
198.614625,104,25828.018422
455.494637,280,25830.71144
400.397453,186,25832.367832
92.459949,78,25833.04881
122.70102,90,25861.995835
555.547861,223,25863.943955
357.888931,171,25865.419853
13.299819,16,25865.56095
215.341188,176,25867.116079
389.526391,215,25869.085898
415.824714,241,25871.287078
2297.608468,1000,25880.315432
1190.244147,588,25885.933493
136.772965,83,25886.707709
513.123418,322,25889.84988
195.957619,103,25890.899949
340.063721,171,25892.603752
60.936884,45,25893.037047
60.383589,81,25893.781015
156.923803,72,25894.442216
758.166257,376,25897.952347
707.838082,404,25929.826708
806.371448,347,25932.856803
523.443357,214,25934.7788
580.649412,262,25937.189827
471.512885,356,25940.269734
780.443402,421,25943.976933
109.128862,85,25944.766804
497.891351,250,25947.083397
612.39515,388,25950.786073
-3.404379,12,25950.905468
60.243627,49,25951.390883
1062.816113,407,25955.231768
2026.94308,858,25963.518706
62.586148,40,25963.8865
39.977933,29,25964.158978
512.65356,410,25996.326521
62.971065,44,25996.669343
877.883736,342,25999.636546
682.738372,413,26003.330486
60.317462,47,26003.768486
777.537335,424,26007.482411
1084.25614,448,26011.444444
272.734138,160,26012.95108
533.615506,223,26015.002786
1657.892844,698,26021.434452
560.746504,257,26023.921689
1351.010293,761,26060.640969
299.930112,143,26061.593875
149.771341,107,26062.301792
615.183111,262,26064.154752
131.376026,105,26065.013097
606.354144,294,26067.587307
1082.837138,452,26071.623369
47.808666,51,26072.071593
177.749187,115,26073.076181
631.783179,283,26075.560424
497.359482,341,26078.558592
172.488457,71,26079.229686
631.820679,356,26082.521339
156.692654,78,26083.260309
344.301366,232,26085.436501
56.022682,70,26086.115112
494.144017,242,26088.338739
1190.468342,547,26093.829224
835.378276,345,26127.19179
138.372598,117,26127.965882
248.564887,201,26129.287224
1.206116,10,26129.350777
96.864425,58,26129.737808
105.118754,69,26130.20119
221.548556,118,26131.065318
699.040195,677,26136.966293
124.08109,51,26137.426367
1789.069276,777,26144.238836
1715.365588,690,26150.479245
635.334013,428,26154.500058
205.390468,139,26155.835421
595.97466,279,26158.601075
253.300644,103,26159.585439
597.141996,277,26162.285436
99.506988,93,26193.762526
2346.698045,1000,26201.109295
846.08547,515,26205.686448
25.702467,60,26206.209767
372.849197,192,26207.877529
869.268557,338,26210.844936
1240.347046,505,26215.372209
790.890258,318,26218.306046
181.298546,112,26219.314695
506.408287,297,26222.078674
1639.083461,972,26261.863459
2498.886106,1000,26269.599368
2049.552983,975,26278.215455
780.578293,534,26282.887899
143.836787,113,26283.95691
209.55474,162,26285.509013
436.858862,286,26288.235547
684.964627,278,26290.940717
187.097769,132,26292.267487
311.691549,198,26294.255908
2338.003196,1000,26332.674674
424.386817,300,26335.249761
697.386306,347,26338.432627
717.662578,346,26341.481003
761.714775,305,26344.154951
79.861522,50,26344.595074
372.579171,278,26347.040001
232.32703,141,26348.260278
688.291278,284,26350.792194
393.194705,245,26353.036761
642.180265,299,26355.814016
128.683379,98,26356.764411
787.533851,374,26360.549472
732.907279,318,26394.69657
487.187121,217,26396.109409
673.078441,341,26398.38278
691.75428,393,26401.678429
54.485277,56,26402.168784
160.274424,80,26402.922808
711.191978,307,26405.715857
512.705441,225,26407.691054
1888.122339,771,26414.404256
1715.915141,681,26425.367392
88.80184,59,26425.955685
1312.566305,614,26431.930261
980.220515,428,26465.034527
2318.956416,1000,26473.444836
17.667415,24,26473.639233
1088.099941,479,26477.533084
177.534842,110,26478.465488
128.879508,75,26479.070149
685.418214,344,26481.992298
584.294271,246,26484.138639
24.877987,22,26484.32901
79.568492,69,26484.925345
253.506084,117,26485.938454
709.791143,346,26489.210333
2323.569047,1000,26498.701243
510.191654,236,26532.129565
53.013781,39,26532.448174
2463.165834,1000,26540.720379
263.742606,145,26541.879571
277.054089,244,26543.78195
1396.385371,607,26549.0375
2266.442743,958,26557.684093
464.109743,320,26560.613331
654.199788,337,26563.800396
34.479157,31,26564.105252
171.576915,118,26565.2504
118.421676,70,26565.930479
394.594225,277,26600.025957
22.175085,50,26600.370822
781.056665,325,26602.652577
827.684767,562,26607.303608
73.557083,33,26607.552542
73.470427,98,26608.279866
434.338033,202,26609.803048
67.368953,49,26610.199754
1093.791614,666,26615.930184
412.395509,272,26618.307105
2314.949635,1000,26627.438694
98.0568,83,26628.227571
162.051533,101,26629.210683
348.718353,239,26631.531195
452.328928,268,26666.022319
60.983342,63,26666.455622
217.200211,222,26667.925404
156.795119,119,26668.815915
1692.879279,700,26674.382506
1847.89351,745,26680.624243
697.839658,318,26683.343107
1728.223572,702,26689.415119
206.92955,101,26690.300863
130.505314,88,26691.103153
129.79692,81,26691.76409
119.935102,103,26692.704833
29.547952,50,26693.191145
27.96618,45,26693.637196
29.701437,24,26693.879347
137.820763,118,26695.001895
1236.055577,557,26700.567666
604.863789,306,26734.693293
62.146314,56,26735.069526
1662.981544,829,26741.868735
2479.89665,1000,26750.486843
46.102561,50,26750.927357
215.968811,136,26752.124778
483.433796,284,26754.588683
32.110774,25,26754.806561
538.839678,367,26758.025695
1222.627446,525,26763.017807
162.503455,202,26764.928725
786.746817,322,26768.095171
145.38039,93,26800.489071
418.012044,185,26801.737313
953.212796,373,26804.647342
178.183534,169,26806.010276
312.587452,155,26807.311263
370.877723,223,26809.219252
2044.166004,804,26815.910828
224.744499,121,26816.976551
30.2821,34,26817.266862
993.331071,430,26821.003346
585.011994,327,26823.868064
346.752231,186,26825.518777
367.19912,249,26827.86428
1969.314834,779,26867.300932
322.925409,145,26868.250551
603.668278,303,26870.626868
54.900583,54,26871.063457
793.205956,400,26874.29248
348.322379,276,26876.707472
701.40296,308,26879.2701
44.375142,49,26879.698445
2127.394133,939,26887.900594
88.329324,109,26888.852458
2372.417855,966,26897.532524
492.762766,236,26899.658298
146.764087,100,26900.635844
418.071882,193,26934.634135
964.005222,384,26937.611665
21.678792,65,26938.119311
816.774557,379,26941.234432
618.99428,373,26944.48986
1234.018244,514,26948.953485
490.562412,484,26953.207805
102.978767,70,26953.823766
586.844271,255,26956.059976
203.319597,189,26957.721712
620.627079,340,26960.662055
99.187562,97,26961.514997
1068.852037,651,26967.349218
76.986043,53,26967.862389
218.472366,124,26968.996614
165.069219,114,27002.356873
75.453793,46,27002.73025
184.398746,85,27003.411417
74.018812,92,27004.158479
2526.120298,1000,27012.710893
2157.908719,958,27021.101313
244.283573,183,27022.702942
2090.441628,888,27030.269016
184.928445,89,27031.048392
322.320446,219,27032.961461
163.59116,70,27033.572932
694.141309,312,27036.422876
1783.572322,784,27075.344017
878.671344,357,27078.483172
620.885383,293,27081.102167
272.970809,167,27082.572274
610.974732,358,27085.713565
1176.207214,478,27089.876677
655.226435,255,27092.100387
2550.53533,1000,27100.554101
570.193959,325,27103.336408
444.381185,186,27105.069084
88.519907,61,27137.726376
398.085194,249,27139.734963
23.288481,58,27140.245455
416.690569,175,27141.788091
435.603402,196,27143.505184
4.388409,17,27143.653854
2571.989577,1000,27152.51829
439.44718,302,27155.174858
1128.531495,640,27160.787291
694.195217,291,27163.260341
139.806065,130,27164.331251
141.094559,90,27165.074327
11.23398,39,27165.394018
203.032235,117,27166.428754
850.820443,568,27171.376543
34.892825,23,27171.593477
368.910267,203,27205.723233
1197.447334,579,27210.719969
107.921671,70,27211.361326
137.068103,105,27212.36125
784.042764,312,27215.160752
385.075421,213,27217.006014
1752.811733,711,27223.17529
1308.032615,520,27227.686252
221.262032,98,27228.541079
553.487428,284,27230.747355
147.028567,112,27231.661158
940.925699,395,27235.79077
190.974532,146,27236.968508
1562.438354,799,27276.331563
351.16828,213,27278.22176
130.712681,114,27279.255298
226.71349,138,27280.509673
781.684646,321,27283.552949
95.584285,47,27283.974895
390.80101,184,27285.585876
9.706968,15,27285.716607
2525.564164,984,27294.313548
1079.839673,581,27298.983771
253.305571,163,27300.371096
263.726822,189,27301.961725
844.681452,442,27305.396833
1205.444992,585,27342.797201
790.486292,351,27346.25097
459.415611,381,27349.899195
189.238963,134,27351.188003
2394.795404,1000,27359.76499
212.193739,129,27360.893331
508.756769,212,27362.748074
521.133561,236,27364.633428
273.074907,159,27365.940802
683.210262,368,27368.866682
2472.252868,1000,27408.958585
56.326379,50,27409.433321
143.941342,105,27410.499712
15.219479,40,27410.88795
448.261068,181,27412.685759
87.061716,84,27413.533621
954.819433,442,27417.708205
28.583473,29,27417.981686
970.982159,457,27422.121197
51.97264,46,27422.530587
186.591298,140,27423.772948
1878.205204,749,27430.340796
1912.035839,903,27437.800012
945.759745,458,27441.010562
426.1646,305,27443.093705
124.587734,84,27476.663587
219.524236,123,27477.848882
291.529751,165,27479.431518
1854.329693,914,27488.025861
36.27059,24,27488.234139
622.163659,272,27490.605693
423.817502,226,27492.577076
165.267991,129,27493.703151
1661.979591,697,27499.717676
166.568083,114,27500.644983
242.171349,97,27501.441088
748.039119,349,27504.253361
1059.987286,434,27507.252735
316.749173,212,27508.676805
1120.033083,739,27547.792299
814.952746,367,27551.38584
24.877977,36,27551.721326
282.239665,125,27552.856184
286.993163,143,27554.162564
321.739248,174,27555.792648
125.219118,99,27556.658761
1400.785237,620,27562.070988
1967.271166,1000,27570.45073
382.840242,182,27571.816365
628.010893,282,27573.699305
1486.034849,927,27613.699491
633.692817,363,27617.305604
373.237289,172,27618.990808
19.669119,23,27619.210552
2500.413103,1000,27628.24923
290.320926,170,27629.742591
41.716433,53,27630.207917
331.772279,257,27632.46813
225.496173,147,27633.737122
539.597133,264,27635.854006
670.207637,283,27637.953347
-0.327063,18,27638.070421
784.914802,330,27640.251802
1956.876799,756,27645.445397
3.251206,31,27678.922037
1590.29161,635,27685.181788
892.779932,466,27689.590233
759.347495,561,27694.557501
865.767958,363,27697.734687
490.700058,243,27699.848325
1580.111436,702,27705.255578
130.932289,86,27705.812263
1162.186597,590,27709.665823
895.303183,430,27745.752757
61.171599,42,27746.151378
1628.940099,686,27752.68326
309.934554,138,27754.042702
125.232078,80,27754.82521
424.700858,241,27757.137392
2392.475279,993,27765.928429
23.83936,40,27766.276681
1106.070182,440,27769.98553
1688.144076,654,27774.532291
634.682134,402,27777.310785
1879.651518,714,27816.281948
92.294317,59,27816.867908
483.230894,280,27819.646664
856.931547,371,27823.326461
676.617654,333,27826.379825
63.266279,34,27826.676695
2655.483358,1000,27835.457162
794.624432,310,27837.904741
134.010027,66,27838.301524
260.442365,142,27839.232481
243.629566,132,27840.103925
839.020774,330,27842.318202
811.201681,316,27844.414713
764.974239,448,27881.046454
84.656193,78,27881.837082
276.113561,122,27883.044328
61.44781,46,27883.516153
88.716855,51,27884.00251
1305.545438,532,27889.156084
568.045857,238,27891.372523
683.56933,267,27893.826339
514.227517,214,27895.719403
923.666726,477,27899.91464
1536.312642,664,27905.254315
545.399137,319,27907.333378
472.964205,285,27909.228846
910.033767,419,27911.978805
1163.283243,538,27949.816355
93.14909,74,27950.540568
1555.917537,669,27957.041462
86.091583,52,27957.575571
147.448045,91,27958.438187
944.577825,420,27962.349268
199.7779,137,27963.550029
1068.685725,545,27968.317943
15.467637,22,27968.510428
115.75812,77,27969.184056
265.325103,173,27970.669167
313.956172,195,27972.060088
186.033724,121,27972.777249
2041.311646,846,27978.527792
1304.477653,506,28014.989466
717.906198,397,28018.900344
2355.021376,1000,28028.522584
136.254289,107,28029.547244
603.1002,257,28031.799387
91.372049,71,28032.424761
294.793984,145,28033.60623
2610.450008,1000,28041.212052
205.141148,167,28042.39296
374.354707,154,28043.488598
524.726787,225,28044.999645
2534.846372,1000,28088.378822
962.396284,385,28092.061396
107.133792,46,28092.502518
2151.897562,844,28100.266328
2542.002202,1000,28107.82702
78.956137,74,28108.325845
662.197722,519,28111.800025
22.662867,36,28112.042591
447.771531,175,28113.19133
731.627245,290,28115.360534
726.441424,464,28152.038369
184.940301,103,28153.039925
38.125874,28,28153.319053
713.100486,381,28157.065268
821.643778,411,28160.956701
1266.855604,598,28166.405579
575.345915,228,28168.434264
505.980789,213,28170.20239
557.359914,330,28173.039876
1196.244278,477,28175.841909
261.288375,151,28176.731491
52.881023,51,28177.026318
1164.68373,462,28179.867133
195.931169,86,28180.573863
1862.102469,834,28219.435591
511.895926,340,28222.666679
462.457638,272,28225.32374
1584.503814,641,28231.562557
41.006641,69,28232.217452
1543.438768,614,28238.01478
447.406123,160,28239.41615
226.894251,105,28240.331091
98.551829,52,28240.705187
31.620074,68,28241.165022
688.977928,276,28242.943433
2191.745477,987,28249.880124
761.323545,315,28282.929903
316.59129,243,28285.359385
582.401319,283,28288.133461
288.477067,172,28289.829823
711.916589,341,28293.142049
1229.475463,547,28298.442024
290.170352,106,28299.467386
-2.565046,10,28299.570644
702.528553,298,28302.50265
915.532057,565,28307.571884
956.987648,441,28310.751286
443.069661,184,28311.887386
335.897689,144,28313.051349
604.658706,320,28315.637829
407.761933,173,28345.784598
251.247209,132,28347.032317
1521.435307,620,28353.242283
127.72219,92,28354.143881
112.2886,132,28355.428671
715.075283,331,28358.755561
1969.119614,1000,28368.419434
808.498868,334,28371.72453
93.006998,87,28372.484873
18.93305,33,28372.773452
17.333543,23,28372.974473
1530.707913,1000,28381.1138
316.48222,158,28382.40084
130.702627,85,28383.087731
183.557567,98,28412.315643
413.350634,254,28414.778673
789.374495,513,28419.821423
392.564615,245,28422.210597
1854.12731,765,28429.637318
123.576807,73,28430.375356
134.557176,96,28431.335017
1027.639755,424,28435.531413
2281.823288,863,28443.444391
284.095286,160,28444.926162
1461.932976,736,28478.580593
93.887408,64,28479.140227
1504.796154,881,28487.704196
408.907801,175,28489.449359
815.270349,449,28493.915604
1893.332879,805,28501.759239
72.784636,49,28502.232775
1988.28736,1000,28511.534564
127.40786,102,28512.488914
28.710509,41,28512.88185
1801.844128,783,28546.996511
304.863551,171,28548.552908
2287.025333,929,28557.615317
525.455551,208,28559.681599
651.21198,370,28563.153991
2407.710735,1000,28572.924891
264.868518,194,28574.847144
394.524142,249,28577.292083
49.824069,66,28577.953121
1615.075169,643,28611.302081
167.263633,105,28612.205733
671.933996,265,28614.487584
953.749433,372,28617.895089
351.968463,200,28619.799971
1.486248,11,28619.896518
312.701909,135,28621.208233
433.5844,186,28622.991045
529.228021,236,28625.194214
80.750803,53,28625.692585
100.272,69,28626.349966
2770.976342,1000,28635.999555
2414.060999,1000,28645.861986
138.089454,87,28646.663053
193.514868,97,28647.569755
229.761721,102,28648.523263
372.542195,282,28678.743804
94.632385,48,28679.138004
64.276861,49,28679.547032
55.165094,44,28679.93479
2290.121058,885,28688.071033
1324.741658,652,28694.334754
238.988599,188,28696.137878
2209.768288,830,28704.07339
196.581417,80,28704.843813
72.756218,45,28705.247269
1784.225729,779,28713.112956
146.178994,110,28714.129199
931.530102,522,28746.241336
648.159886,319,28748.95606
297.143935,139,28750.175762
625.186634,335,28753.20207
2326.052729,911,28761.857508
2686.08134,1000,28771.460821
92.819143,58,28772.043903
41.686854,49,28772.539568
649.461547,279,28775.660807
1026.673209,504,28780.731819
283.015972,102,28781.742965
-3.388899,11,28781.848333
147.662751,76,28782.556562
473.259603,328,28812.794769
305.612474,154,28814.015624
1717.068467,813,28821.124735
357.222202,216,28823.190995
2615.738768,982,28832.604701
603.71685,428,28836.693422
358.14258,176,28838.409453
471.226343,303,28841.68471
528.390199,258,28844.463421
165.571014,100,28845.399233
883.490519,496,28877.976945
1981.75356,762,28883.911685
380.130884,231,28891.495962
186.252016,89,28892.351178
2613.54676,1000,28902.207462
701.496847,427,28906.497752
3.694185,33,28906.830114
547.105271,251,28909.385746
260.798338,154,28910.882076
236.152819,126,28912.06054
67.629876,93,28912.954026
544.528548,247,28915.213256
743.511261,317,28918.105483
105.291758,101,28919.03144
385.851059,224,28948.822563
208.206433,126,28949.729733
713.267835,426,28953.251584
543.800095,227,28955.162277
88.073198,60,28955.704154
2592.043623,1000,28965.308773
2261.699033,909,28974.245986
112.848697,70,28974.927961
1773.571342,673,28981.108821
405.30021,207,28983.026824
834.799395,424,29014.649334
119.097669,99,29015.416804
957.506111,434,29019.154198
5.237779,16,29019.273723
525.086099,191,29020.741565
570.16659,291,29023.244987
293.053368,152,29024.579851
135.238473,73,29025.279119
840.136836,652,29031.390377
145.107312,70,29032.080279
891.77147,470,29036.605774
73.366144,47,29037.06994
248.468885,185,29038.839114
370.559306,195,29040.731462
2462.572279,1000,29050.260761
971.159862,399,29082.855031
786.224022,359,29085.920805
52.32209,55,29086.40135
380.8496,166,29087.852014
177.693208,102,29088.741117
236.788706,98,29089.598243
548.978019,218,29091.506749
1045.334738,384,29094.864514
890.646805,338,29098.024282
75.132748,58,29098.583456
676.440412,379,29102.291804
215.29169,147,29103.773216
-3.583352,11,29103.884517
1026.172261,545,29109.188821
151.564233,87,29110.011883
298.312714,125,29111.209039
9.243124,15,29111.344286
20.030461,23,29111.557255
121.382064,63,29112.163513
843.217846,336,29115.343316
2349.653822,893,29152.594293
52.600036,30,29152.842313
121.930927,75,29153.468908
675.820255,323,29156.261276
2538.679744,1000,29164.981496
24.234458,27,29165.249742
2506.593602,1000,29175.147578
474.459252,241,29177.523891
220.175073,94,29178.410529
2121.489972,839,29216.083946
34.583829,43,29216.394294
707.058933,319,29219.064824
62.544807,38,29219.394967
1340.226701,565,29224.300388
426.031833,218,29226.210729
171.04844,196,29227.927105
126.079903,65,29228.496633
1113.164022,408,29232.059868
191.185162,94,29232.940093
2620.518267,1000,29242.587754
1109.043273,442,29246.70822
828.652567,426,29250.588882
2355.575231,962,29289.14881
473.313274,281,29291.612845
1282.597929,630,29297.124297
1005.562984,453,29301.148055
682.122152,361,29304.741213
1088.405708,464,29309.211086
178.595138,102,29310.218631
863.22023,373,29313.520384
1421.594401,755,29350.582646
2.060372,27,29350.786671
21.338045,34,29351.047858
267.21774,109,29351.935839
833.587415,326,29354.677101
793.908396,475,29358.825982
23.310002,21,29359.010528
1988.035011,711,29365.264037
417.469592,186,29366.898333
53.240968,43,29367.277088
1806.215596,731,29374.214037
241.314416,116,29375.306753
234.510101,130,29376.56725
684.184545,496,29380.953694
1603.816963,650,29417.62566
330.964933,191,29419.259588
2286.757652,913,29426.898016
522.308722,257,29429.159928
47.739936,56,29429.652297
63.701051,47,29430.065771
1114.103523,566,29435.032584
1303.167779,475,29439.437379
85.614065,44,29439.854432
732.651892,368,29443.443612
676.601679,271,29445.876251
251.370592,96,29446.711375
569.426118,242,29448.878268
67.400522,38,29449.227054
48.414312,32,29449.511754
1004.365462,403,29485.210346
1288.456798,548,29490.037722
1140.200665,423,29493.761205
436.627049,164,29495.163338
962.000338,372,29498.415504
17.964419,20,29498.589761
1145.796551,451,29502.529545
324.749468,197,29504.196931
1559.106899,638,29510.060129
198.143174,88,29510.814834
919.175379,477,29514.892623
13.324406,20,29515.056851
156.364812,125,29516.173301
1960.149588,708,29554.315869
1340.445587,615,29559.706938
254.302871,139,29560.929518
390.245478,159,29562.330078
2103.931234,826,29569.579567
607.040303,394,29573.030627
1110.286011,386,29576.535485
1498.267097,563,29581.377649
92.365037,51,29581.797305
972.598774,355,29584.812925
-3.189066,10,29584.904008
44.920096,39,29585.272785
508.980943,247,29587.625868
5.0044,19,29587.795968
201.707561,80,29588.537696
20.904161,51,29589.008243
2513.509258,1000,29629.673201
249.105365,162,29631.075737
252.03266,137,29632.267659
284.47025,160,29633.667834
78.215874,94,29634.489223
1010.570905,375,29637.764369
366.631678,205,29639.546896
430.153043,245,29641.673323
2313.575245,924,29649.443436
1465.920298,664,29655.375048
2048.677628,863,29695.473588
511.295287,232,29697.507144
156.102811,85,29698.253533
786.217539,349,29701.329823
1990.210863,871,29710.276798
617.956426,284,29712.705057
2476.756896,1000,29721.064724
152.840088,74,29721.715779
436.686821,176,29723.267546
2317.868028,903,29762.04879
1182.117303,540,29766.636534
113.952014,71,29767.269655
1442.344481,499,29771.365784
1322.611081,805,29778.285684
560.340806,254,29780.626733
1632.976711,704,29786.812414
446.214192,167,29788.298567
430.743365,187,29789.913476
189.349705,71,29790.534475
147.086272,101,29791.457275
1881.687239,759,29829.543786
1321.332288,534,29834.240555
1155.950318,479,29838.45585
242.817642,106,29839.376278
1195.793344,488,29843.694381
116.291145,103,29844.715046
224.191991,145,29846.132783
75.43613,77,29846.896651
172.178349,85,29847.717174
1711.829318,646,29853.528957
931.649052,405,29856.921249
423.359901,312,29859.482652
-0.684504,14,29859.599496
364.701682,220,29893.698468
35.786124,36,29894.035751
736.94294,479,29898.198628
1313.242394,494,29902.47829
87.607608,52,29902.928487
455.239688,167,29904.374916
11.306059,15,29904.505727
532.342303,203,29906.264361
1400.395438,799,29913.319052
960.508386,436,29917.350266
622.500747,310,29920.004862
78.735499,47,29920.391932
275.360528,177,29921.8299
10.955174,17,29921.967543
185.01877,103,29922.809626
13.044174,28,29923.039375
317.594322,125,29924.070451
166.953073,87,29924.784233
313.877182,140,29925.923324
70.249282,55,29926.361266
1022.918313,468,29962.715736
877.193479,366,29965.891244
926.425292,577,29970.893236
30.741399,31,29971.162028
615.837582,266,29973.465306
1446.392124,876,29981.138753
329.198313,156,29982.594764
558.31476,275,29985.049274
85.569235,61,29985.583402
1494.596734,615,29990.581278
11.715183,18,29990.729584
2841.679584,1000,30031.919749
2334.217684,989,30040.485517
628.459139,252,30042.668789
450.05426,291,30045.2014
280.728659,114,30046.197822
33.426621,87,30046.956025
378.890473,228,30049.098875
218.888222,128,30050.288538
426.120299,167,30051.74057
90.689719,48,30052.157643
183.571435,125,30053.193253
1702.055488,737,30059.137775
230.254117,106,30059.982627
2691.761947,1000,30101.403802
200.110132,93,30102.212681
741.05007,344,30105.218432
2909.403005,1000,30113.944335
106.552128,75,30114.619813
510.944933,293,30117.349713
464.822144,199,30119.085348
19.574072,21,30119.260722
741.378228,267,30121.422398
69.311213,60,30121.90681
191.121129,105,30122.758836
166.480509,101,30123.579209
96.76654,43,30123.926478
779.499829,386,30127.06832
94.307601,53,30127.503161
1800.768137,733,30166.649674
981.367312,429,30170.407654
333.65258,169,30171.873774
269.419765,136,30173.054636
389.963725,145,30174.311201
737.258481,327,30177.069048
1415.702235,608,30182.450043
806.841752,303,30185.232514
251.480106,111,30186.206229
2581.725139,1000,30194.191985
497.084982,199,30195.735787
110.4045,48,30196.115989
391.327242,195,30197.654667
1054.876344,462,30234.69344
22.776065,26,30234.947651
133.198448,67,30235.590481
1073.848447,582,30240.673487
448.004972,264,30242.962685
1644.391612,769,30249.759732
42.770713,31,30250.054685
384.943661,158,30251.548626
299.403055,123,30252.66569
420.347864,191,30254.248335
389.203534,269,30256.424222
129.234838,87,30257.120682
1290.952411,459,30260.736189
41.05045,32,30260.978601
1050.491205,601,30265.668754
177.93887,125,30298.960561
696.108854,326,30302.101022
294.340148,193,30303.948411
374.466558,182,30305.540742
177.518248,82,30306.255792
488.404047,263,30308.55231
247.557829,143,30309.80049
1805.52215,622,30315.220558
890.823289,469,30319.610045
893.472202,438,30323.223485
217.67147,147,30324.41786
1069.958271,426,30327.876583
1213.598048,448,30331.496318
44.250561,43,30331.848505
2438.671385,938,30373.031778
405.628062,269,30375.383083
170.5024,112,30376.362352
2.945865,13,30376.475076
94.737591,52,30376.929585
2290.968926,1000,30385.974074
150.944976,118,30387.021314
356.78244,131,30388.202874
38.578547,53,30388.623741
319.018095,245,30390.486892
951.770096,439,30393.970996
2312.536364,874,30400.871027
98.857337,91,30401.588044
321.156565,205,30435.267336
17.882468,22,30435.480975
272.068635,129,30436.716209
290.016507,127,30437.989578
2379.596027,1000,30446.908977
196.775081,78,30447.591314
2365.057152,1000,30456.907638
713.837648,281,30459.135594
1536.01208,561,30463.580052
4.331439,18,30463.727875
250.378801,102,30464.557169
335.242441,174,30465.975836
786.562054,292,30468.373282
20.138192,45,30468.737438
1208.275884,546,30505.12327
2680.467993,1000,30514.158719
764.578406,295,30516.867561
1370.871569,571,30522.377795
366.696685,256,30524.695284
693.596688,291,30527.390493
299.157989,143,30528.543522
522.33376,236,30530.478413
193.962821,115,30531.422461
2049.877205,844,30566.160141
99.91592,77,30566.835913
480.26285,234,30569.035955
158.542701,113,30570.114447
405.72775,199,30572.066736
1226.353865,640,30578.097783
1027.824546,398,30581.965782
95.009593,83,30582.784335
484.32441,209,30584.821873
374.298501,157,30586.309457
64.100377,41,30586.716399
1168.314694,415,30590.676555
101.610673,75,30591.351327
5.600168,20,30591.541462
236.212903,121,30592.645466
685.717379,273,30595.166033
197.919762,169,30596.702995
623.450246,284,30599.314685
170.56051,86,30600.073822
1315.49601,618,30632.307551
836.944884,574,30637.817745
1234.508962,626,30643.886363
385.389381,221,30646.025539
47.428466,54,30646.562735
163.31979,86,30647.520495
1473.458699,853,30656.055843
107.72184,58,30656.619736
610.326432,247,30659.001629
32.224217,39,30659.388626
384.957672,214,30661.463845
251.265515,123,30662.635718
26.277564,51,30663.124738
2558.034955,903,30698.400639
63.241248,76,30699.091558
2649.309883,1000,30708.530151
1074.976651,456,30712.923107
693.919152,358,30716.762898
207.964127,117,30717.904702
2256.788576,937,30726.970976
1247.882887,442,30731.124452
849.235744,315,30733.982984
599.447142,244,30762.931844
21.190772,21,30763.105272
1104.081772,557,30767.886536
564.506406,246,30770.219194
458.810206,326,30773.435241
938.600702,379,30777.16746
2034.419449,1000,30787.093248
1569.6402,573,30792.706836
551.874008,198,30794.648173
316.456325,126,30795.860309
1912.017005,703,30829.935719
2084.593658,795,30836.863076
2621.285292,967,30846.165027
-11.509519,26,30846.434677
147.22635,67,30847.112242
648.690792,304,30850.136856
342.12939,182,30851.890883
448.412443,176,30853.583737
239.021173,118,30854.717716
2617.227441,1000,30864.546283
393.889277,281,30867.276644
676.462944,322,30897.128357
1756.310997,646,30902.629623
2731.656887,1000,30912.265522
131.729676,66,30912.926037
123.649638,59,30913.494922
782.035783,330,30916.737258
2319.618321,864,30925.219631
190.955379,143,30926.605624
2742.031245,1000,30964.183065
2662.201343,1000,30972.625633
1484.405894,672,30979.111076
1408.037077,682,30985.547807
998.383374,372,30989.153208
961.759772,365,30992.668107
178.679552,151,30994.12248
834.57515,442,30998.380814
41.124939,44,30998.80004
1012.255616,424,31031.053916
295.039786,151,31032.252567
1087.946189,464,31035.723392
703.101322,296,31038.330565
357.782987,163,31039.727427
2802.174165,1000,31048.806167
1063.633256,559,31054.010611
322.085936,162,31055.515597
682.098134,259,31057.985462
50.184118,44,31058.384495
529.74283,221,31060.516676
1285.079882,444,31064.82098
1295.806051,502,31098.362451
541.836496,266,31100.525589
82.383296,107,31101.402002
2135.106355,864,31108.911078
402.849418,180,31110.618811
240.289763,185,31112.234031
2207.751543,900,31120.144551
530.09115,240,31122.419282
85.92271,55,31122.942991
152.177844,66,31123.567467
147.423062,72,31124.257121
2604.851097,940,31163.472628
552.526801,248,31165.418554
365.477956,249,31167.452836
628.655982,313,31170.019662
1716.526596,646,31175.615944
191.831531,164,31177.003436
129.579697,101,31177.88308
9.090046,19,31178.048819
222.545908,87,31178.790806
94.748851,89,31179.567638
378.049465,143,31180.814875
2859.718623,1000,31189.786695
1041.958429,441,31193.853336
563.648063,336,31197.03482
52.305888,32,31197.305589
161.23055,100,31229.766847
1244.153568,465,31233.41937
1315.843072,730,31239.335214
2805.131113,1000,31247.473482
557.359665,204,31249.258006
2337.319633,903,31257.45055
48.104194,63,31258.054242
1122.107994,467,31262.532521
21.575979,34,31262.859859
294.254954,134,31264.153386
423.539229,403,31299.823511
63.7832,63,31300.334417
114.556636,107,31301.20138
2608.7023,1000,31309.567919
68.358615,43,31309.911899
601.818659,225,31311.481831
338.980741,160,31312.544498
163.068239,135,31313.522409
1798.942222,635,31318.824687
6.34018,33,31319.114288
57.037001,36,31319.413509
82.42901,64,31319.956143
2299.295926,824,31332.147373
683.231102,296,31335.003195
2801.747581,1000,31374.873237
2472.802068,956,31382.090637
186.959624,114,31382.785522
264.032747,154,31383.941442
2882.590417,1000,31392.190524
558.613857,198,31394.071065
106.448194,87,31394.895715
1505.009314,541,31400.060403
2262.402006,845,31440.482867
1608.383434,535,31444.577127
268.263417,158,31445.617482
1614.11731,543,31449.165372
2744.531313,1000,31456.969345
2760.569468,1000,31466.233369
2769.777078,1000,31509.626894
4.319963,11,31509.715641
1145.733468,450,31512.868574
14.126012,17,31512.967999
85.87988,100,31513.602338
1363.651368,517,31517.271248
895.019298,458,31520.9778
505.839243,236,31522.980796
2382.255816,876,31530.222131
165.734022,113,31531.244455
975.570528,366,31534.852109
2521.317119,1000,31578.903469
640.364032,318,31580.935747
378.565696,192,31582.220709
196.192162,101,31582.894264
201.377765,90,31583.549438
2357.616242,1000,31591.562086
21.156128,49,31591.950002
380.496973,208,31593.589074
105.808535,54,31594.023508
412.139985,176,31595.462145
105.996498,76,31596.105404
10.175123,21,31596.289024
52.104715,48,31596.70855
1732.790967,687,31602.937452
113.769677,81,31603.711132
1271.583975,470,31643.464321
307.728769,165,31644.803569
1074.547131,400,31647.768795
247.694366,145,31648.736854
101.884299,55,31649.108815
2608.016558,918,31656.267458
45.245742,43,31656.576011
302.228058,172,31657.819449
593.492867,244,31659.670604
56.216904,32,31659.929988
216.67886,97,31660.704767
974.990728,534,31665.05568
2746.89927,1000,31709.524951
1424.869693,619,31714.654828
222.259879,107,31715.431115
1054.257847,387,31718.329612
93.684619,65,31718.864119
583.104621,254,31720.923437
1575.615347,643,31726.150668
193.204621,154,31727.412564
1554.822849,577,31732.045931
2841.939835,1000,31740.774507
25.430828,43,31741.186098
365.042753,376,31779.518186
507.471005,222,31781.461831
2738.347959,1000,31789.462119
626.721944,222,31791.201596
105.021138,52,31791.616962
1672.169287,652,31796.723166
551.573375,268,31798.913409
166.652854,190,31800.407764
512.195097,226,31802.198602
1690.993797,545,31806.825249
345.630008,176,31808.232306
1800.847712,655,31849.084938
115.938386,59,31849.626378
634.714241,235,31851.803301
2655.357686,1000,31859.921262
164.39059,89,31860.647186
279.414866,156,31861.891714
502.10452,363,31864.827153
161.056388,126,31865.83783
144.722154,73,31866.432334
174.51546,126,31867.465304
1900.677032,705,31873.31814
2836.117948,908,31916.33333
118.561887,87,31917.131574
428.161269,171,31918.777508
397.009363,194,31920.625701
541.891788,340,31923.446538
1312.35827,607,31928.188583
41.421022,29,31928.420767
51.929221,38,31928.721395
1614.426885,621,31933.629123
1128.352732,373,31936.538851
256.398745,128,31937.541581
92.988566,77,31938.147797
2649.022143,1000,31945.144877
408.602176,156,31946.218938
475.671613,171,31947.648278
210.590344,169,31986.270347
1619.918351,571,31991.411274
69.244363,31,31991.664484
835.94711,436,31995.216387
645.8441,252,31997.259305
825.987633,349,32000.085634
793.154099,334,32002.765399
1351.028665,509,32006.515307
169.190081,95,32007.099574
1180.743094,597,32011.08456
921.40796,348,32013.354671
531.74358,207,32014.776859
138.464389,105,32015.648415
69.798666,60,32016.170477
878.532761,338,32056.73346
136.995909,94,32057.610668
2670.629799,1000,32065.498013
1209.13765,627,32070.494064
324.418906,187,32071.850179
835.710834,582,32075.463213
84.407327,36,32075.704683
259.964987,180,32076.916362
820.083948,307,32078.970852
97.179764,77,32079.479642
122.307367,113,32080.235627
1533.888481,717,32123.761951
1726.398876,1000,32132.107846
479.391463,268,32134.287868
66.940677,51,32134.707253
1924.004688,662,32139.671303
1014.124465,344,32141.691467
457.377051,191,32142.804848
851.091718,419,32145.590067
1400.250523,527,32149.149549
411.708191,183,32150.385077
46.22508,40,32150.669378
129.629914,149,32151.864145
348.19651,191,32192.131855
2582.241958,952,32205.027097
1832.193412,619,32208.783198
155.637406,112,32209.4189
336.79767,149,32210.281058
217.580675,179,32211.372799
553.664329,223,32212.853715
1890.749113,648,32217.089969
970.201222,422,32220.171184
1328.895204,746,32226.793361
1529.506602,542,32269.454437
728.442828,480,32272.731331
638.51334,228,32274.271626
1782.171453,620,32277.955571
560.419552,337,32279.864227
357.805572,223,32281.166754
185.227136,103,32281.768117
579.203035,286,32283.437484
326.668616,122,32284.25135
281.577113,181,32285.472238
2798.576197,1000,32331.374594
84.959427,39,32331.750606
275.133436,174,32333.386322
307.794766,131,32334.527477
1961.038899,931,32342.096253
1448.720023,536,32345.681248
2174.342977,1000,32351.650725
236.341889,124,32352.480634
1531.70707,566,32356.52904
82.851146,40,32356.852348
-0.285101,23,32357.033998
220.636026,83,32357.760878
911.774319,457,32400.109138
226.699227,126,32401.245398
48.833459,36,32401.543943
325.025439,203,32403.319003
1669.455385,700,32408.916497
373.07244,247,32410.538384
1267.560059,597,32414.277428
147.026826,96,32414.833626
932.666732,471,32417.568049
1693.496578,692,32422.137528
300.058965,116,32422.928758
693.738179,284,32424.891884
251.380899,121,32425.860178
525.994189,239,32427.853015
460.878638,354,32469.953955
345.406218,207,32471.751684
468.643711,203,32473.525559
137.884109,109,32474.411016
85.660984,77,32475.040705
964.993286,333,32477.330087
164.564107,88,32477.918126
774.577532,306,32479.962119
1264.507885,528,32483.047792
2012.890948,768,32487.816112
236.519098,98,32488.464039
225.904586,101,32489.148556
203.905395,108,32489.888067
427.602274,203,32491.303506
1686.790801,615,32496.168226
785.36179,446,32539.414937
90.434405,52,32539.865771
1018.061766,529,32543.960379
1791.950284,830,32549.192735
2711.210441,1000,32555.284314
2693.483249,1000,32562.350035
2384.895181,878,32609.343457
217.669852,129,32610.324424
1094.224395,387,32612.931969
315.658612,158,32613.974549
401.876059,157,32614.933117
598.695511,316,32616.771878
2021.408635,794,32621.517974
532.269934,186,32622.775844
219.926833,102,32623.455387
163.952658,104,32624.148555
409.636966,224,32625.654037
281.965615,144,32626.616717
95.067673,61,32627.029012
1259.283809,450,32630.517631
431.622271,177,32631.936255
644.01369,446,32675.279994
2903.167536,1000,32682.360509
1131.589501,431,32684.874421
261.571467,124,32685.601614
2305.46385,911,32691.261332
36.996077,31,32691.474143
39.57688,25,32691.638677
1117.874671,452,32694.593698
439.350107,151,32695.627591
229.710332,143,32696.659771
104.408857,71,32697.184972
2284.940001,1000,32744.933098
1039.840895,407,32747.643714
108.804231,63,32748.053526
1164.435218,512,32751.201401
1879.641088,645,32754.928948
194.073601,94,32755.474912
629.228452,264,32757.17159
863.0404,320,32759.291425
1689.421491,574,32763.123501
1629.249302,655,32768.440285
2631.395574,989,32815.700676
2102.418464,744,32820.237314
2604.537668,1000,32826.450869
925.971098,360,32828.862908
81.044774,44,32829.16067
25.858367,24,32829.320996
740.061739,311,32831.47778
302.870465,293,32833.715878
1625.840598,606,32878.516892
2491.673514,961,32885.136608
587.077494,404,32887.492836
3086.220854,1000,32893.656715
2077.563178,884,32899.676028
29.003924,41,32900.005272
1254.42303,458,32903.373231
299.026155,170,32944.837394
133.974542,95,32945.677111
188.031639,65,32946.241261
188.913362,76,32946.906512
1364.331042,556,32950.844262
600.522447,256,32952.49762
1175.998098,410,32954.878551
40.116528,40,32955.109222
192.937861,124,32955.832835
99.685201,60,32956.176036
491.271019,235,32957.553086
-1.311851,12,32957.630832
969.301812,334,32959.68383
69.108017,54,32960.04497
1472.3373,548,32963.730102
388.788471,199,32965.079827
2348.283424,903,32972.037342
286.630759,157,33013.270819
337.282502,162,33014.687966
1162.520577,542,33018.655958
2834.277922,1000,33026.463744
254.44994,138,33027.281857
220.476294,84,33027.774544
412.112927,271,33029.383204
2713.046498,1000,33036.172887
149.398237,69,33036.715862
1093.616462,406,33039.908296
17.73368,29,33040.149314
836.70007,356,33043.261888
2881.363389,994,33089.319856
2537.881558,967,33096.00479
1117.003699,444,33098.665686
1380.853781,634,33103.169452
2059.676486,902,33110.699329
395.990014,172,33147.390382
1188.4604,405,33151.22193
419.99637,160,33152.729624
780.303596,486,33157.225373
305.382935,119,33158.223284
164.714696,86,33158.90491
1931.606125,696,33163.608184
6.651346,22,33163.757591
281.624559,98,33164.408634
1876.738975,696,33169.119639
2668.651717,1000,33177.233573
2838.012249,973,33221.795089
1007.886584,371,33225.141534
716.874804,316,33227.699481
103.581128,71,33228.182395
795.703772,401,33230.870069
237.203323,101,33231.556839
790.706532,320,33233.697956
1353.50313,447,33236.726676
1097.443832,448,33240.223618
79.852281,59,33240.69543
1001.48251,432,33244.093571
857.50753,318,33246.639431
2829.779019,1000,33291.089351
1005.60497,432,33295.013517
1099.373259,433,33297.913924
2673.452551,924,33304.161204
1271.005439,566,33308.74217
2838.135847,1000,33351.955526
178.072816,94,33352.854525
74.908958,37,33353.207217
1099.014749,401,33356.954038
1425.032021,538,33361.957611
328.812272,168,33363.369058
1907.700426,630,33367.610744
427.139088,194,33368.909445
688.914407,317,33371.180402
294.361377,158,33372.330127
106.191852,59,33372.792323
354.759354,124,33373.756623
236.214791,131,33374.716959
521.49032,215,33376.299763
446.418465,171,33377.656549
435.395341,216,33379.42632
1878.957371,689,33420.479367
954.605972,338,33423.574568
3043.88883,1000,33432.390064
18.439933,25,33432.557618
792.432177,304,33434.603382
2179.960556,1000,33442.160113
385.80699,252,33444.21534
167.239097,81,33444.871559
955.916695,475,33448.702297
907.859878,303,33451.172593
134.899736,68,33451.739017
2364.562077,827,33493.625818
474.582432,184,33495.431269
44.474215,70,33496.148558
2316.954073,868,33502.966751
2096.907017,765,33508.922746
109.07089,77,33509.537187
451.424201,185,33511.0427
438.931397,248,33513.066433
196.299793,103,33513.863183
207.528435,119,33514.841776
286.055714,156,33516.101885
299.38042,187,33517.609774
334.325224,164,33518.917595
1517.386255,553,33557.053882
1883.850142,649,33563.270337
380.808784,199,33565.19354
62.67415,45,33565.619519
1522.843446,534,33570.02186
376.394802,151,33571.144607
2445.338015,1000,33579.340909
887.276795,321,33581.969627
-4.918621,11,33582.061069
2492.926577,874,33588.743497
43.148608,31,33622.104124
278.837539,209,33624.056911
1859.508243,667,33630.57156
738.18953,403,33634.435562
114.78921,77,33635.179822
308.729688,172,33636.811015
2921.360898,1000,33645.000693
1614.29,586,33649.792424
233.51194,172,33651.150363
2604.510735,1000,33692.460045
45.209424,49,33692.939484
320.550117,130,33694.193124
145.188591,85,33695.016284
712.471277,402,33698.837731
1778.566047,640,33705.008906
967.675705,323,33707.656313
185.018123,76,33708.282645
215.727687,142,33709.452214
81.534409,63,33709.971349
1045.509306,414,33713.187231
2333.444215,1000,33720.995828
3058.303662,1000,33763.157178
201.864708,128,33764.378422
242.240522,141,33765.714003
372.438135,323,33768.827307
907.005817,356,33772.237247
362.00366,173,33773.90129
876.579038,339,33776.523764
2196.381363,746,33781.975926
29.010828,32,33782.211276
85.860036,73,33782.741602
492.258683,235,33784.569399
120.470107,69,33785.126655
360.468796,156,33786.397225
213.914656,143,33787.358812
343.125371,201,33788.726792
861.109495,425,33791.768728
1575.882801,599,33830.031436
3008.486716,1000,33839.759296
277.099321,121,33840.939334
662.662572,266,33843.36321
2653.922287,912,33853.413083
2978.863838,1000,33860.51932
131.279999,93,33861.230799
1503.52887,580,33897.728795
826.602267,477,33902.460696
36.552273,36,33902.813271
137.699234,71,33903.503399
73.503525,49,33903.993861
531.824494,235,33906.381208
849.584053,314,33909.504012
2175.930063,820,33916.531064
177.941556,146,33917.716094
1923.488165,748,33923.740223
2607.024926,966,33960.105388
334.171056,153,33961.503889
611.719453,391,33965.296589
235.68964,93,33966.216993
62.312112,59,33966.772242
865.962818,446,33971.087986
1663.744834,706,33978.131083
89.210817,73,33978.870526
-3.542264,13,33979.002066
253.460714,197,33980.915788
1924.529221,728,33987.608993
886.063212,334,33990.208191
999.987684,476,33994.183919
1030.756646,373,34025.784901
108.145091,42,34026.148446
1040.263195,410,34029.87605
585.162488,209,34031.883585
607.616753,229,34034.121079
235.072346,90,34035.003516
1905.439722,625,34041.27824
62.162008,47,34041.76048
103.487379,46,34042.228474
217.342595,150,34043.700404
818.908174,307,34046.701866
74.114025,49,34047.186234
431.273724,224,34049.320703
1241.745339,454,34053.549869
518.42664,165,34054.959923
119.956122,81,34055.612287
28.178883,40,34055.897
1836.104502,726,34061.680363
694.521417,231,34091.8428
772.43767,305,34094.690654
69.276635,55,34095.209473
544.599451,231,34097.387006
369.915079,170,34099.017893
2367.259865,821,34106.934716
1000.311453,565,34112.563354
163.120276,89,34113.432482
2287.385768,705,34120.033322
56.629285,49,34120.476891
76.406662,96,34121.35733
41.839652,39,34121.700975
30.615726,49,34122.131199
144.864617,85,34122.877905
266.328781,112,34123.811898
2927.883949,1000,34160.275687
699.465326,233,34162.513133
229.074083,149,34163.927055
2818.466762,1000,34173.7253
900.891537,301,34176.75856
1437.937879,500,34181.639048
2669.226523,1000,34190.815028
170.322994,83,34191.438958
843.668844,305,34194.000149
76.610782,43,34194.379881
39.142741,34,34194.681529
587.445886,233,34224.690217
410.59991,150,34226.001916
1992.133948,1000,34235.155859
581.504551,218,34237.201313
305.060173,141,34238.530213
971.772703,407,34242.464262
466.937489,203,34244.425882
1529.988872,581,34250.05443
856.383333,339,34253.280914
386.298949,202,34255.132085
2863.711004,1000,34291.386701
910.615084,361,34294.48182
7.352841,23,34294.703053
100.682608,104,34295.663706
914.284191,520,34300.627759
519.477306,273,34303.272387
187.305608,80,34304.044121
188.819167,118,34305.154877
180.851329,76,34305.882282
1961.106266,690,34312.758402
1513.558232,564,34318.24749
2692.273543,925,34326.906828
1715.036246,634,34360.454576
467.410616,174,34361.972654
1009.061589,350,34365.160677
999.648338,476,34369.531797
2834.86075,1000,34379.188666
436.027027,247,34381.59001
256.873696,116,34382.711647
181.983199,162,34384.309657
41.317428,34,34384.645614
2072.010178,696,34391.225753
47.646843,37,34391.568307
268.074664,138,34392.890298
1172.473131,386,34424.421025
173.770299,119,34425.398643
420.468228,150,34426.630305
266.943812,132,34427.756022
64.861167,65,34428.323962
466.728182,228,34430.303014
1397.486385,471,34434.687056
2552.238775,1000,34444.345895
2434.377831,763,34451.720496
1982.433474,723,34458.543892
977.27501,610,34492.287498
306.870591,166,34493.582325
1058.043841,541,34498.077233
2181.70803,788,34505.439514
250.879067,156,34506.95486
427.11457,274,34509.531602
1301.624451,432,34513.613848
52.066801,41,34513.99605
223.135284,159,34515.437063
1540.537288,654,34521.731154
60.334496,42,34522.121947
637.226879,242,34524.363084
2535.572549,1000,34561.67303
511.232848,204,34563.339278
37.564714,28,34563.584398
1670.498029,601,34568.787328
488.147341,183,34570.440392
429.6069,261,34572.848564
2317.030012,837,34580.655736
467.888768,152,34582.146926
48.895537,31,34582.429354
925.192553,337,34585.664374
2342.4378,833,34623.23142
2661.196707,1000,34630.888848
186.332734,74,34631.484466
791.458714,311,34634.210433
409.351452,245,34636.447807
133.686373,67,34637.056594
1667.372497,595,34642.578905
376.489452,198,34644.375896
2921.563566,1000,34659.148182
542.800357,348,34662.445642
803.714285,281,34692.719387
1699.799799,578,34697.03179
138.918667,106,34697.855994
36.093218,29,34698.095672
1447.594411,698,34704.189249
501.293957,258,34706.634647
203.44418,114,34707.716269
606.571883,216,34709.771699
15.029593,29,34710.050379
2804.645809,974,34719.585737
2759.821085,1000,34759.482851
207.873977,102,34760.134707
1678.488778,540,34763.687356
1026.552437,483,34767.60041
454.412421,164,34769.044047
672.926776,296,34771.581189
1164.167504,400,34775.145796
276.930048,158,34776.648676
263.785205,158,34778.142705
2899.575988,1000,34787.619931
2188.606429,727,34826.091737
745.962513,300,34828.102625
203.821382,112,34828.865654
379.665754,172,34830.183895
1284.737368,454,34833.850226
2734.558167,971,34842.463546
2734.037908,937,34850.934764
584.153809,288,34853.653091
1933.965154,651,34859.904932
1.246528,17,34860.061561
262.402914,110,34892.360016
1459.598959,740,34897.91594
1476.84881,477,34901.861664
983.782795,426,34905.57623
131.583053,88,34906.344437
1116.506564,703,34912.755606
442.737368,153,34914.204599
28.118112,36,34914.527513
248.454728,98,34915.347238
1247.536111,413,34918.966669
166.619674,78,34919.679752
1347.624391,632,34925.822429
766.971566,449,34961.458774
767.148761,261,34963.4662
383.085904,233,34965.357908
3096.124641,1000,34973.956921
148.562353,130,34975.09492
-5.854015,10,34975.181846
1475.696004,785,34982.099335
722.452299,258,34984.265866
257.015204,149,34985.60736
3145.471976,1000,34994.95332
1341.3799,489,35030.81321
2583.674345,1000,35039.182906
2258.561535,783,35045.766177
538.294924,198,35047.49484
775.380913,382,35050.735322
116.270026,66,35051.316067
725.937892,352,35054.529127
453.440636,290,35057.275774
138.947531,64,35057.867239
725.547402,295,35060.615831
60.509819,84,35061.383471
120.173399,81,35062.122997
379.764384,133,35095.601653
1799.842376,717,35101.614091
261.252983,145,35102.883699
1205.061033,421,35106.565548
2604.169271,1000,35115.317065
3142.19475,1000,35124.143609
2080.110216,708,35130.44448
1052.044841,392,35165.801687
1951.854124,954,35173.617716
2902.119005,1000,35181.867177
451.570056,138,35183.076962
280.423159,170,35184.563698
781.843039,463,35188.695654
296.011907,163,35190.200522
405.642525,185,35191.799342
3096.719334,1000,35232.533694
478.530264,201,35234.182672
661.980224,358,35237.306478
840.528461,316,35240.067806
1096.287838,706,35246.239802
51.877518,34,35246.539865
250.195932,115,35247.608864
1068.75656,354,35250.660218
7.189159,19,35250.827415
144.235202,103,35251.732986
1263.244218,492,35256.074873
2812.352135,1000,35264.850994
1513.835267,515,35301.260099
1413.31051,475,35305.415894
24.145823,31,35305.68749
87.787787,46,35306.089895
105.519002,71,35306.71122
217.408618,75,35307.367401
3077.380701,1000,35315.835088
1896.754542,679,35321.615161
120.748048,80,35322.280932
596.857395,345,35325.331312
557.19303,282,35327.818662
1553.268859,542,35332.646239
156.034599,119,35365.738449
1201.038782,645,35371.403886
267.933298,116,35372.391277
129.544248,119,35373.439799
952.426307,496,35377.769462
1198.214464,444,35381.644263
295.346343,161,35383.06111
193.110346,119,35384.110156
471.904876,206,35385.927726
150.755579,115,35386.940345
78.901496,55,35387.424744
2453.111561,1000,35396.051046
13.316972,21,35396.235149
500.565435,196,35397.950386
521.236431,282,35400.421645
208.769916,116,35433.844216
549.776605,330,35436.857181
372.158614,214,35438.725122
273.928039,152,35440.050727
148.993681,78,35440.732186
1015.560754,334,35443.646301
90.945008,62,35444.186939
2.206713,17,35444.334984
2960.554541,1000,35453.047801
157.72748,83,35453.776608
82.769853,108,35454.727755
1043.947669,526,35459.133681
442.954961,182,35460.702673
664.270421,258,35462.793225
55.288574,41,35463.12417
57.444123,36,35463.43699
358.925086,163,35464.861534
567.938633,320,35469.160916
88.918084,70,35469.776255
600.535244,358,35505.416397
-3.148114,11,35505.511686
121.061508,67,35506.098868
2859.680943,1000,35514.863692
296.430021,164,35516.436924
1287.224639,437,35520.405637
92.910195,65,35520.975816
1008.43365,390,35524.4272
184.451476,146,35525.551813
417.140079,231,35527.157358
346.448855,154,35528.106668
2133.982112,984,35535.766095
360.386264,161,35570.494039
561.814749,190,35572.091948
99.390693,73,35572.692335
3034.86416,1000,35581.470176
66.61076,48,35581.859202
618.709267,306,35584.295563
832.961165,264,35586.281012
1044.523657,538,35590.205056
2060.614321,702,35595.638262
1151.473942,443,35599.386307
8.062177,22,35599.571559
574.544102,210,35601.330251
545.56362,236,35603.397171
459.937031,243,35639.971632
317.377507,161,35641.380737
87.9254,45,35641.773283
131.737279,62,35642.316558
154.778132,93,35643.130307
864.778442,432,35646.824945
74.31679,47,35647.216728
754.952462,334,35650.083816
2371.093412,804,35656.401797
1521.910348,489,35660.382266
2841.146798,1000,35668.473657
126.550727,83,35669.158189
3008.395767,1000,35712.475273
135.674683,50,35712.907959
2565.082875,906,35720.764728
265.20147,149,35721.947433
196.047998,216,35723.582152
473.419201,263,35725.723367
1419.667766,548,35730.161583
112.847498,69,35730.727349
259.900893,106,35731.587315
1841.891602,598,35736.058835
154.282956,68,35736.591812
1434.462641,696,35777.516924
2587.420987,1000,35786.322392
853.184344,275,35788.562518
2701.640679,1000,35796.593713
1492.143597,550,35800.514557
113.903017,77,35801.02784
3169.822651,1000,35843.933567
750.882952,300,35846.701024
16.045393,19,35846.861693
2652.025534,1000,35855.626222
1225.453319,485,35859.601617
361.234929,215,35861.308107
203.549568,148,35862.462402
392.217491,240,35864.326202
2387.445472,1000,35871.154615
1189.481356,571,35875.870678
2838.835405,1000,35919.902186
1580.096117,552,35924.821894
308.182956,168,35926.201845
2115.423347,700,35931.687165
3020.802919,1000,35938.626396
29.120876,42,35938.965803
1357.45691,550,35943.578019
521.185242,276,35980.862493
453.503895,219,35982.939903
392.706599,129,35984.130059
903.307341,488,35988.471461
285.714829,101,35989.394083
942.108623,327,35992.41571
286.538494,142,35993.589256
1210.114927,488,35997.508015
2422.845433,1000,36004.252964
1124.328045,418,36007.646939
984.44512,398,36011.051916
-0.274588,9,36011.130635
2717.455156,953,36054.840347
303.835752,158,36056.270425
527.261352,311,36059.121857
161.31582,110,36060.125085
1306.460801,456,36063.917614
961.47331,313,36066.242193
558.712597,267,36068.034501
2432.140924,784,36073.719103
-6.872202,52,36074.129059
251.361825,110,36075.003927
105.558197,56,36075.451857
239.305883,128,36076.46691
168.674222,112,36077.377114
1207.393418,690,36117.7745
682.514982,222,36119.954738
131.070139,56,36120.481646
2783.734576,1000,36129.745616
1187.64123,647,36134.575593
198.551751,102,36135.270201
1286.382735,479,36138.51249
2919.634095,1000,36146.392799
2935.370871,1000,36190.177552
4.533374,12,36190.292045
1853.390471,609,36195.683321
10.242548,18,36195.84107
826.674076,334,36198.685399
1214.753918,380,36201.401167
1031.339709,420,36204.226453
273.959255,125,36205.065622
747.647608,268,36207.117865
179.196053,85,36207.801293
268.360565,115,36208.740878
2902.410227,1000,36216.929743
2804.849105,970,36260.269082
93.803823,60,36260.79828
474.946543,188,36262.513046
1106.881654,576,36267.544481
173.518145,60,36267.946823
1561.154842,523,36271.413729
318.455023,164,36272.529876
146.462932,74,36273.132773
98.511411,65,36273.662447
-0.466568,14,36273.770953
13.153227,26,36273.983076
1388.104225,513,36278.103341
388.503211,153,36279.341361
2020.326028,721,36285.145219
552.171357,234,36321.550159
2761.584793,937,36337.851932
2997.113067,1000,36345.188822
447.592192,179,36346.54047
620.522195,303,36348.83954
48.322847,40,36349.162434
3135.211179,1000,36356.991545
137.617859,74,36357.578893
62.882111,44,36357.914523
448.583093,197,36359.604159
2781.051451,1000,36402.344851
424.398941,207,36404.134016
554.18681,196,36405.796083
343.63221,154,36407.237309
391.027361,239,36409.446411
3098.627005,1000,36416.54975
572.180794,199,36418.051739
969.305139,421,36420.881624
155.67117,70,36421.40851
-3.984622,9,36421.476851
47.538246,47,36421.831606
370.521652,122,36422.742014
886.651079,326,36425.324553
20.531259,23,36425.52514
520.780367,249,36427.689021
62.023075,56,36428.176304
558.446744,229,36461.74462
1361.843681,471,36466.159323
147.144454,92,36467.044554
1194.717055,465,36471.435419
-4.739167,9,36471.515439
2299.401931,1000,36479.703372
667.364543,344,36482.508914
1036.806019,343,36485.264458
531.251437,183,36486.808702
106.533564,83,36487.472252
3048.153029,1000,36528.052612
2974.154869,1000,36537.07469
17.097781,27,36537.335158
736.020374,275,36539.916666
227.885122,88,36540.70106
1149.556357,646,36546.356467
845.157804,287,36548.657857
1437.518669,478,36552.482725
417.911463,238,36554.216801
1241.046115,727,36559.833344
133.252971,85,36560.449049
1173.736407,396,36597.044166
2121.948702,757,36604.105112
2224.244979,767,36611.027269
849.260313,522,36615.387262
1266.825304,656,36620.52188
279.000061,179,36621.942538
1340.420248,451,36625.555952
1615.880424,525,36661.643841
487.216551,170,36663.275013
282.225098,171,36664.908422
2820.956093,1000,36674.400718
360.238854,271,36676.907633
137.060804,108,36677.915402
61.402114,42,36678.311614
751.669736,328,36681.312537
538.990089,211,36683.027302
1334.763333,414,36686.339137
327.38082,149,36687.560817
56.4905,35,36687.860284
581.491161,321,36690.394799
2756.828199,962,36729.285839
135.652594,65,36729.889658
861.602439,374,36733.403327
1165.00079,463,36737.80432
1951.13541,639,36743.777127
3152.96688,1000,36752.583185
1750.407794,642,36757.842196
2814.686825,1000,36795.958292
439.315707,207,36797.922134
313.398122,106,36798.906464
1502.275889,571,36804.423881
320.195101,200,36806.212672
3154.393358,1000,36815.728598
12.73759,20,36815.920783
811.401164,290,36818.554445
843.884247,289,36820.994073
618.087371,398,36824.395418
622.139207,340,36827.165652
29.342396,28,36827.395041
901.127538,323,36829.998118
1063.260438,393,36862.619209
265.644067,116,36863.711314
1232.985494,412,36867.581767
683.229077,409,36871.419563
486.122976,227,36873.54486
813.437358,392,36877.151693
792.332913,428,36881.279698
2597.435661,813,36888.753906
1252.15376,493,36892.691529
586.932104,237,36894.400123
971.901028,324,36924.967375
2468.068327,868,36933.09628
768.263069,253,36935.479014
92.459162,73,36936.164886
740.721977,275,36938.839708
1039.072931,329,36941.86716
50.401093,48,36942.288221
2060.446486,636,36948.448313
303.002884,125,36949.669569
936.337035,312,36952.733046
124.273939,105,36953.714353
3223.269327,1000,36962.360029
2278.561027,748,36996.695583
2593.526844,818,37004.588109
977.272434,300,37007.50424
1712.890645,700,37014.215818
993.386017,402,37018.209619
1520.496933,772,37025.505223
1204.615835,541,37057.517284
2973.29615,938,37066.239035
753.689374,245,37068.533964
858.071737,282,37071.23081
139.934008,62,37071.803776
1909.764804,646,37077.791981
549.432869,284,37080.532662
946.220751,303,37083.481125
952.703094,527,37088.751808
1883.497873,670,37094.719008
2509.8822,877,37129.222372
1791.540856,597,37145.447509
752.762289,224,37147.611977
532.811653,277,37150.363288
669.367929,264,37152.992101
2095.274954,684,37159.610365
2940.00442,1000,37167.478503
374.08372,164,37168.603471
3080.342805,1000,37205.173805
247.62929,121,37206.302708
80.500152,61,37206.87168
1087.881634,457,37211.047996
1839.266178,661,37217.40579
186.448984,93,37218.339629
753.596773,247,37220.828113
2025.683316,675,37227.402787
366.009551,199,37229.193328
472.937844,289,37231.778162
1422.696344,497,37262.78082
1498.144666,469,37266.722785
485.449696,185,37268.343714
100.754032,74,37268.993894
537.523414,303,37271.615906
972.841238,509,37276.217882
155.117848,98,37277.109866
2860.126757,954,37285.921587
1207.580109,513,37290.766683
3058.373431,1000,37328.670758
55.768044,58,37329.128093
36.17776,30,37329.358046
1434.785171,642,37334.7407
662.785603,272,37337.018869
130.027057,80,37337.664907
175.618427,75,37338.268852
1902.402813,598,37343.759409
869.838212,278,37346.299901
634.526705,333,37349.405892
67.23404,47,37349.853627
2083.601266,971,37359.265655
3206.671155,1000,37396.768753
3127.424052,1000,37405.402268
280.582832,131,37406.589273
805.803813,329,37409.67234
3028.533128,1000,37419.100143
623.676795,280,37421.794855
806.181466,406,37425.748371
835.078092,414,37429.700149
1106.693513,418,37462.597841
2819.867966,1000,37471.023525
398.394815,142,37472.270632
219.18764,131,37473.422799
330.332697,203,37475.262344
535.695903,269,37477.782921
2954.204469,1000,37487.135039
1.702917,24,37487.37019
183.564257,66,37487.976686
936.949601,344,37491.306854
1779.43099,643,37526.877678
132.780034,74,37527.367433
69.758849,75,37527.875602
806.160359,371,37530.902346
177.640359,76,37531.52182
3193.542124,1000,37540.144814
692.807022,225,37542.129128
217.907258,122,37543.210598
833.987145,303,37546.027339
3340.950667,1000,37555.421575
3085.430521,1000,37594.775587
434.5391,202,37596.394349
30.105279,26,37596.598969
426.870777,173,37598.008353
897.704624,506,37602.263663
2158.819818,738,37608.727495
1436.77388,479,37612.980053
240.057609,99,37613.889914
9.250793,23,37614.111234
151.79274,113,37615.161122
538.695655,202,37616.999151
90.424685,85,37617.761793
16.456236,22,37617.964395
2697.686062,931,37626.777936
337.305328,210,37628.771178
739.682525,249,37661.728193
1813.682588,649,37667.029654
3233.290667,1000,37675.726192
1159.12619,591,37680.560012
234.534075,88,37681.386427
472.805754,160,37682.909363
2260.772199,736,37689.856042
1109.229433,367,37693.226955
136.824637,116,37694.301574
394.806053,145,37695.677912
694.674481,257,37729.230636
408.189061,202,37730.877487
495.675206,236,37732.799743
1639.513765,738,37739.113579
17.500006,22,37739.305984
1217.134548,663,37744.951705
356.887951,159,37746.227383
1849.517063,631,37751.787533
357.056046,153,37753.18193
1818.281201,604,37758.6738
1652.604496,826,37797.78685
421.374277,201,37799.253969
1939.040098,680,37804.715457
35.663892,43,37805.090208
477.621731,183,37806.694875
1752.163791,683,37812.487517
162.034579,102,37813.309491
3201.203249,955,37821.615368
870.020384,334,37824.771469
263.025022,118,37825.90769
3197.04401,1000,37866.814464
1983.648842,596,37871.814
2814.451208,827,37878.783589
156.010506,75,37879.390839
371.743202,266,37881.533637
75.459028,71,37882.109318
237.361513,154,37883.370292
127.676838,77,37884.021305
28.257801,22,37884.214399
10.040188,25,37884.435084
584.213098,329,37887.45289
511.534743,310,37890.41331
100.854864,69,37891.045601
1092.735257,584,37896.404757
262.20732,105,37897.412638
45.928106,37,37897.749094
21.907804,23,37930.278177
1326.352229,467,37934.042573
1622.615104,532,37938.561299
-3.495674,11,37938.658298
769.695029,410,37942.258015
2977.293796,1000,37960.162328
2804.725582,1000,37969.414518
253.814601,157,37970.864234
332.736992,162,37972.334803
681.233262,296,37975.076246
927.731642,476,38009.668412
3235.944566,1000,38017.058694
1823.590358,608,38022.30198
3126.916644,1000,38031.342631
772.937521,278,38034.047436
1096.14808,565,38039.191515
38.990881,37,38039.526294
137.511561,67,38040.134709
133.164804,89,38040.88639
1434.596764,447,38076.090421
272.966184,182,38077.473894
295.074271,140,38078.597365
1036.386808,490,38082.698486
2157.245365,794,38088.732377
2779.572696,852,38095.856129
787.723737,289,38098.412929
642.196936,280,38100.83682
1288.557948,470,38104.985801
1528.500069,540,38143.324757
3113.149304,1000,38151.035169
1673.325378,552,38155.037745
1728.961865,552,38159.68495
174.188481,67,38160.274162
2739.084056,1000,38168.97267
467.098838,239,38170.906394
1567.713392,535,38207.616747
178.6374,113,38208.60222
683.299775,246,38210.748625
902.210444,450,38214.679432
1119.025779,362,38217.839864
1977.248741,669,38223.297589
864.330614,308,38225.787623
776.370036,415,38229.395072
2271.20041,732,38235.967682
250.119793,141,38237.204685
650.812748,278,38239.64443
999.519374,456,38276.018957
3249.14467,1000,38284.529307
1140.284419,609,38289.562224
1609.072943,530,38293.918039
537.163621,146,38295.194292
2026.389786,647,38300.885564
15.188298,18,38301.043196
538.117562,247,38303.199609
1525.306647,582,38308.280929
222.906834,79,38341.644737
3134.781886,1000,38350.400031
3064.535188,1000,38358.346295
2636.282459,840,38365.609949
17.966801,26,38365.839052
1295.746169,498,38370.258704
1327.282612,539,38374.992039
99.46667,54,38375.467545
1800.526032,698,38413.602228
1494.800622,798,38420.610554
83.189397,52,38421.067576
159.985527,90,38421.826886
965.30606,516,38425.952807
46.547833,41,38426.310361
171.464117,96,38427.146987
1830.678908,558,38432.018002
365.568327,133,38433.222666
525.152431,174,38434.751142
130.204117,64,38435.314365
928.146835,259,38437.575767
490.596466,177,38439.120051
671.432333,333,38442.054909
626.788916,226,38476.329218
182.782893,113,38477.364281
272.881237,90,38478.217631
243.348697,83,38478.970485
3204.322434,1000,38487.604053
631.780059,364,38490.535667
714.368338,241,38492.444106
2682.617365,812,38499.389252
108.236461,62,38499.939733
3203.626906,1000,38508.682647
352.178092,203,38510.460505
306.392132,124,38543.722636
35.318233,36,38544.036486
1078.30537,347,38547.170019
3109.647267,1000,38555.908912
275.196931,163,38557.225788
492.78143,284,38559.52713
652.404304,307,38562.203356
2017.00436,618,38567.596171
1415.267813,487,38571.824179
128.797704,67,38572.416628
2502.207804,852,38612.18615
2917.802702,874,38619.927977
3273.302669,1000,38628.451489
289.336216,135,38629.627827
2979.974837,1000,38638.297554
3343.859154,1000,38679.877948
1307.769865,430,38683.801977
1264.467907,405,38687.334135
1811.869848,707,38693.458669
3233.483957,1000,38702.177168
1651.557232,576,38707.165156
3035.342354,1000,38747.596985
462.475421,307,38750.3803
626.213251,211,38752.247861
512.283681,156,38753.608432
689.213051,319,38756.382507
3001.480164,1000,38764.792303
1627.927312,533,38769.447539
636.570168,406,38773.003513
3455.825264,1000,38786.817994
129.818812,95,38787.634129
1519.41713,546,38822.695725
1410.018894,403,38826.210967
479.237546,223,38828.02213
1778.073504,571,38832.947011
1061.330791,328,38835.872609
185.008672,121,38836.923028
261.067219,99,38837.786681
707.212793,287,38840.237087
1009.098088,396,38843.829294
306.500002,109,38844.78074
1423.341301,458,38848.772083
295.178667,90,38849.557935
230.722643,156,38850.922285
495.853367,192,38852.582348
2072.102223,640,38889.417279
1109.027226,385,38892.631014
2601.331945,1000,38901.140853
2334.99551,705,38907.312323
821.549398,274,38909.833542
161.196756,100,38910.754474
-2.880856,10,38910.84987
2379.595402,787,38917.481489
273.963591,147,38918.764251
563.316705,214,38952.44745
131.868018,73,38953.123616
62.24451,43,38953.526184
670.492279,229,38955.649052
42.458801,51,38956.129906
2564.650088,1000,38964.487414
217.0264,115,38965.484363
1373.454396,461,38969.646843
2910.679407,876,38977.368528
914.777548,321,38980.197268
394.581593,150,38981.516955
1145.559718,371,38984.803937
2055.324127,754,39022.76079
654.15615,203,39024.578563
3226.491332,973,39033.135563
2981.880292,1000,39042.072513
275.634074,126,39043.264748
1664.271655,508,39047.711019
109.020794,57,39048.210337
659.803765,304,39050.862072
317.234419,191,39052.527985
211.918515,120,39053.580452
1271.649326,403,39088.13947
394.085446,168,39089.847118
386.760316,164,39091.385857
2075.073922,627,39096.67696
1033.307817,320,39099.697343
2149.01236,685,39105.924862
377.994314,136,39107.107281
1146.995701,382,39110.576838
229.277365,99,39111.453549
2167.673453,678,39117.450139
0.357142,52,39117.906799
1697.335685,592,39123.161518
3472.179615,1000,39162.124742
2080.722174,608,39167.791321
150.073084,61,39168.366571
197.10804,80,39169.075562
201.689475,78,39169.767886
321.55191,154,39171.175417
317.333675,119,39172.25514
1.004876,10,39172.34364
3101.549088,1000,39181.461216
1768.373502,739,39187.751865
373.209422,216,39189.63694
1361.135178,458,39223.204438
3169.727097,1000,39232.168753
277.68263,93,39233.078001
106.272124,73,39233.807572
32.651555,40,39234.208321
283.277968,152,39235.595603
65.775859,33,39235.894309
1024.808611,385,39239.496097
3376.013963,1000,39248.666779
1854.803966,581,39253.734754
898.156443,357,39285.956815
1875.202901,601,39291.529001
557.195423,259,39293.770946
3353.92746,1000,39302.950397
91.124764,60,39303.486168
2926.967945,1000,39312.638456
224.643724,114,39313.666109
804.632532,364,39316.811322
2991.757024,1000,39354.53665
185.128035,78,39355.267335
1108.790294,368,39358.546562
99.039905,44,39358.93137
3221.533245,1000,39368.107846
524.913574,183,39369.796457
3356.551304,1000,39379.028561
728.861264,243,39381.291019
278.212306,113,39382.296016
987.243248,341,39385.297476
1287.147621,374,39388.552706
2557.086568,872,39425.282076
115.424812,84,39426.013391
56.728025,43,39426.387157
681.385747,218,39428.27911
56.762353,39,39428.621607
1094.574101,368,39432.052468
3091.59272,1000,39441.605894
64.322183,37,39441.96177
2051.650353,833,39449.49424
1045.431445,556,39454.109366
200.125136,96,39483.590934
2383.990068,692,39489.659312
352.281647,123,39490.800188
2788.812659,847,39498.272036
965.043056,437,39502.364354
122.152222,75,39503.114089
579.97352,211,39505.110922
3115.661052,1000,39514.529235
3142.402633,1000,39552.318829
385.343339,191,39553.996788
2831.473279,1000,39562.690864
2.896144,12,39562.806033
3467.85105,1000,39572.180688
1087.4051,409,39575.995087
1446.375512,446,39580.067103
680.791026,462,39584.274118
666.274541,283,39590.339659
302.047271,137,39619.830823
829.239633,415,39623.307444
462.656221,254,39625.221719
695.646546,355,39627.917856
1580.925355,596,39633.093627
1808.298122,602,39638.495317
799.429007,311,39641.17579
445.443296,161,39642.615223
978.510107,488,39647.078143
2804.136166,800,39685.220293
1006.198339,448,39688.938393
162.796926,73,39689.542566
136.073007,81,39690.198111
134.055203,91,39690.928299
273.118044,122,39691.90721
2527.280672,839,39698.507359
1695.795325,665,39704.169442
214.666939,85,39704.8403
3004.156156,1000,39713.412349
72.9918,52,39713.908032
21.881846,22,39714.111007
2733.937063,811,39753.010084
884.32028,408,39756.527357
666.258461,211,39758.360152
2983.040636,904,39765.707088
1668.844448,559,39770.495437
1190.131469,384,39773.819156
13.312999,21,39774.001
195.495432,133,39775.151064
254.007218,87,39775.903372
91.865355,77,39776.573175
492.147601,256,39778.810283
2634.637445,767,39785.981431
338.677899,103,39818.507801
3463.866394,1000,39827.0861
327.743551,131,39828.08583
1233.639531,356,39830.660935
1083.047282,570,39835.427883
65.201945,44,39835.838132
901.665958,307,39838.579718
819.433567,283,39841.066953
127.143527,108,39842.013917
100.161878,57,39842.511986
3359.245991,1000,39851.426968
2599.325912,785,39889.679376
85.281737,47,39890.08926
-3.194603,12,39890.194432
1196.92472,418,39893.709483
248.588531,139,39894.818101
196.097374,128,39895.865763
29.899379,39,39896.183569
3446.884793,1000,39904.805649
495.883213,169,39906.298228
1430.407276,493,39910.537207
1441.685775,504,39915.067677
2834.382556,1000,39956.345888
3056.129024,1000,39964.773693
548.600407,204,39966.444406
2039.976653,774,39973.128686
1142.15155,494,39977.463446
732.729054,340,39980.432512
336.189099,206,39982.335899
4.027638,21,39982.53305
1610.023087,448,39986.586507
47.521944,44,39987.010888
317.441536,143,40020.611824
3071.127309,1000,40029.157499
374.05649,222,40030.91916
743.837046,365,40033.867853
1033.097768,429,40037.601551
461.729901,225,40039.59339
1135.864022,386,40042.993818
1408.655264,447,40046.919149
3245.276711,1000,40055.83667
1082.746819,327,40091.277381
1160.715686,352,40094.372859
3539.735241,1000,40102.708161
2299.011245,1000,40111.443462
1752.499152,484,40115.54163
195.875973,101,40116.335839
15.872124,22,40116.511828
1866.464904,550,40121.384192
127.0325,78,40122.107497
372.492737,211,40156.557169
183.062004,85,40157.304346
269.638423,86,40158.071338
3144.378715,1000,40166.527709
338.553178,109,40167.421005
127.707849,78,40168.049721
38.898865,35,40168.334342
2587.581722,870,40176.013103
1523.588544,492,40180.316556
384.494493,209,40182.031708
2001.192669,638,40187.276864
326.295504,127,40188.466717
1682.151779,535,40225.899267
1065.774016,516,40230.295508
652.801729,242,40232.23897
2418.769467,713,40238.235607
3407.614513,1000,40246.851846
1664.94217,538,40251.162528
1724.579168,563,40256.075075
597.616056,296,40258.826528
2618.298301,906,40298.999384
3080.46365,1000,40307.378092
2454.960844,779,40314.258411
104.862754,74,40314.870183
446.820152,197,40316.460709
452.172568,216,40318.192199
3459.668056,1000,40360.03178
1411.908084,653,40365.687513
3301.567085,1000,40374.168221
1035.355669,349,40377.236526
3468.750317,1000,40385.702175
2967.302905,859,40393.269396
625.155941,307,40428.428197
1718.09756,685,40444.164179
1529.932774,483,40448.273253
2750.566214,847,40455.167855
89.665172,115,40456.174972
846.159447,307,40459.031644
648.662457,223,40461.131477
3379.17501,1000,40469.868883
848.347627,255,40472.187617
2305.865449,849,40510.721563
521.176894,192,40512.403431
413.003168,149,40513.708039
974.516097,343,40516.629377
392.214319,241,40518.584044
1950.772929,585,40523.371688
3405.424866,1000,40532.155298
335.183696,120,40533.206674
68.263667,54,40533.67971
343.289684,208,40535.493392
945.946646,412,40539.180349
3343.940234,1000,40580.112159
1437.916322,435,40583.545815
1096.471346,540,40587.915017
2574.892815,1000,40595.90827
191.33744,98,40596.640612
916.700528,307,40599.23415
2465.572109,800,40640.105526
12.678932,24,40640.316283
-3.980598,12,40640.420302
376.944175,181,40642.013808
3594.77833,1000,40650.935622
2474.50335,1000,40658.686146
91.419342,50,40659.095069
252.018995,170,40660.486609
247.106207,136,40661.599014
-1.254413,11,40661.688506
218.640276,100,40662.503852
2941.661953,1000,40671.348365
1110.809378,567,40708.371504
781.558005,659,40714.649731
161.525605,89,40715.458174
2255.3408,732,40721.940523
137.175429,106,40722.809514
3209.369184,1000,40731.010454
706.062483,274,40733.267747
177.308388,64,40733.834301
1529.454303,466,40738.128722
2857.599065,1000,40778.907113
2500.923333,1000,40788.222197
1007.902003,468,40792.110442
51.909107,53,40792.546795
455.211138,148,40793.755443
455.104652,185,40795.263429
3457.394216,1000,40803.866781
3171.354198,1000,40844.33929
3203.756006,959,40853.531001
2045.506505,804,40860.429619
3415.64573,1000,40868.86475
2573.779981,1000,40877.220021
577.030952,202,40910.124636
363.914667,127,40911.339361
95.790549,37,40911.69426
2459.055807,828,40919.847861
1288.006139,556,40925.006492
615.424532,220,40926.849797
42.164866,41,40927.183819
358.030595,116,40928.118575
187.873802,68,40928.666672
1168.481288,324,40931.307747
2627.200546,786,40938.254875
3446.507314,1000,40977.490856
1382.987712,636,40983.592337
138.182006,74,40984.332668
132.052794,81,40985.143048
1867.978626,541,40990.322793
333.293579,192,40992.054129
3350.313791,1000,41000.403868
76.972681,79,41001.097162
412.688639,203,41002.941341
1136.904779,413,41006.653955
441.417498,152,41007.95102
3177.325605,1000,41046.838033
3358.32975,943,41055.961436
2959.318275,961,41064.365063
104.164334,72,41064.962528
87.203878,39,41065.305042
623.844617,238,41067.370967
3272.587239,1000,41076.257189
343.464718,179,41077.718808
883.969742,424,41111.559932
2577.629384,814,41119.226477
808.688425,254,41121.59329
3393.878042,1000,41130.684648
2439.466659,832,41138.128972
33.112107,35,41138.46557
3623.687499,1000,41176.029315
1036.84047,327,41178.971933
1808.766599,538,41184.09257
3023.837388,876,41192.394698
3348.227587,996,41201.385141
458.372384,192,41203.106258
1121.575361,338,41206.171901
23.763821,19,41206.353685
3326.050365,1000,41243.468364
303.688941,178,41245.078691
61.929125,34,41245.383548
113.934982,51,41245.840421
2097.633655,722,41252.68756
2458.579419,714,41261.647023
2072.347914,644,41267.423074
2707.458675,788,41274.811153
286.466378,160,41276.312661
2.488405,10,41276.404236
